numPerPatch33562 <- c(2425,2575)
