numPerPatch10476 = [2472,2528];
