numPerPatch71198 = [2523,2477];
