numPerPatch54126 <- c(2508,2492)
