numPerPatch15132 = [2520,2480];
