numPerPatch59752 = [2503,2497];
