numPerPatch11834 <- c(2481,2519)
