numPerPatch58200 = [2457,2543];
