numPerPatch28712 <- c(2494,2506)
