numPerPatch80122 = [2554,2446];
