numPerPatch84196 = [2509,2491];
