numPerPatch26384 = [2488,2512];
