numPerPatch4462 = [2474,2526];
