numPerPatch52962 <- c(2524,2476)
