numPerPatch83420 = [2502,2498];
