numPerPatch24444 = [2479,2521];
