numPerPatch36666 = [2465,2535];
