numPerPatch65766 <- c(2525,2475)
