numPerPatch41904 <- c(2484,2516)
