numPerPatch85942 = [2516,2484];
