numPerPatch29294 <- c(2490,2510)
