numPerPatch1552 = [2450,2550];
