numPerPatch84002 <- c(2540,2460)
