numPerPatch81868 = [2487,2513];
