numPerPatch59364 <- c(2529,2471)
