numPerPatch75660 = [2492,2508];
