numPerPatch29100 <- c(2472,2528)
