numPerPatch82256 = [2429,2571];
