numPerPatch57424 = [2459,2541];
