numPerPatch16490 = [2493,2507];
