numPerPatch57230 = [2516,2484];
