numPerPatch83032 <- c(2511,2489)
