numPerPatch34920 <- c(2509,2491)
