numPerPatch20564 <- c(2521,2479)
