numPerPatch54514 <- c(2507,2493)
