numPerPatch59946 <- c(2473,2527)
