numPerPatch18042 <- c(2503,2497)
