numPerPatch32010 = [2470,2530];
