numPerPatch54902 <- c(2504,2496)
