numPerPatch56648 = [2457,2543];
