numPerPatch21534 <- c(2456,2544)
