numPerPatch20952 = [2460,2540];
