numPerPatch22116 = [2519,2481];
