numPerPatch18818 = [2482,2518];
