numPerPatch87106 <- c(2477,2523)
