numPerPatch73332 <- c(2499,2501)
