numPerPatch46948 = [2424,2576];
