numPerPatch37830 = [2485,2515];
