numPerPatch1940 = [2522,2478];
