numPerPatch20370 = [2495,2505];
