numPerPatch65766 = [2525,2475];
