numPerPatch34144 <- c(2471,2529)
