numPerPatch6790 = [2535,2465];
