numPerPatch53544 <- c(2463,2537)
