numPerPatch8536 = [2501,2499];
