numPerPatch16296 <- c(2484,2516)
