numPerPatch5432 = [2466,2534];
