numPerPatch75854 = [2545,2455];
