numPerPatch66542 = [2489,2511];
