numPerPatch86524 <- c(2487,2513)
