numPerPatch38218 = [2447,2553];
