numPerPatch49664 <- c(2549,2451)
