numPerPatch41516 = [2515,2485];
