numPerPatch18430 = [2470,2530];
