numPerPatch48694 = [2537,2463];
