numPerPatch45784 = [2550,2450];
