numPerPatch6790 <- c(2535,2465)
