numPerPatch48112 <- c(2479,2521)
