numPerPatch82450 <- c(2503,2497)
