numPerPatch42486 = [2458,2542];
