numPerPatch82838 <- c(2542,2458)
