numPerPatch16878 <- c(2566,2434)
