numPerPatch52186 = [2491,2509];
