numPerPatch49858 <- c(2550,2450)
