numPerPatch388 = [2479,2521];
