numPerPatch23280 = [2510,2490];
