numPerPatch41128 <- c(2495,2505)
