numPerPatch84390 = [2524,2476];
