numPerPatch49664 = [2549,2451];
