numPerPatch49082 = [2508,2492];
