numPerPatch3104 = [2519,2481];
