numPerPatch13580 <- c(2525,2475)
