numPerPatch3298 = [2512,2488];
