numPerPatch41322 = [2469,2531];
