numPerPatch61110 = [2451,2549];
