numPerPatch32980 <- c(2478,2522)
