numPerPatch64214 <- c(2507,2493)
