numPerPatch32204 = [2539,2461];
