numPerPatch52574 = [2474,2526];
