numPerPatch76630 <- c(2494,2506)
