numPerPatch35308 <- c(2589,2411)
