numPerPatch48694 <- c(2537,2463)
