numPerPatch2328 <- c(2555,2445)
