numPerPatch25996 <- c(2458,2542)
