numPerPatch66736 <- c(2446,2554)
