numPerPatch70228 = [2563,2437];
