numPerPatch63050 = [2488,2512];
