numPerPatch73720 = [2434,2566];
