numPerPatch49858 = [2550,2450];
