numPerPatch70422 <- c(2472,2528)
