numPerPatch28906 = [2479,2521];
