numPerPatch23862 = [2507,2493];
