numPerPatch31622 = [2561,2439];
