numPerPatch62274 = [2516,2484];
