numPerPatch55678 = [2532,2468];
