numPerPatch5626 <- c(2473,2527)
