numPerPatch34338 = [2503,2497];
