numPerPatch4074 = [2444,2556];
