numPerPatch17654 = [2501,2499];
