numPerPatch14162 <- c(2534,2466)
