numPerPatch69452 = [2519,2481];
