numPerPatch35502 <- c(2400,2600)
