numPerPatch56260 <- c(2503,2497)
