numPerPatch80898 = [2544,2456];
