numPerPatch44038 <- c(2507,2493)
