numPerPatch38024 = [2464,2536];
