numPerPatch43844 = [2442,2558];
