numPerPatch86136 = [2446,2554];
