numPerPatch13386 <- c(2485,2515)
