numPerPatch19206 = [2489,2511];
