numPerPatch55290 = [2484,2516];
