numPerPatch58394 = [2521,2479];
