numPerPatch59558 <- c(2490,2510)
