numPerPatch22698 = [2546,2454];
