numPerPatch75078 <- c(2486,2514)
