numPerPatch63050 <- c(2488,2512)
