numPerPatch67706 = [2495,2505];
