numPerPatch7566 = [2504,2496];
