numPerPatch19012 <- c(2504,2496)
