numPerPatch73914 <- c(2458,2542)
