numPerPatch3686 <- c(2516,2484)
