numPerPatch56648 <- c(2457,2543)
