numPerPatch45202 <- c(2493,2507)
