numPerPatch77600 <- c(2531,2469)
