numPerPatch68288 <- c(2494,2506)
