numPerPatch64408 = [2524,2476];
