numPerPatch31428 = [2532,2468];
