numPerPatch70616 = [2515,2485];
