numPerPatch47918 = [2515,2485];
