numPerPatch32204 <- c(2539,2461)
