numPerPatch79152 = [2461,2539];
