numPerPatch61886 <- c(2508,2492)
