numPerPatch25220 = [2460,2540];
