numPerPatch23280 <- c(2510,2490)
