numPerPatch45784 <- c(2550,2450)
