numPerPatch32010 <- c(2470,2530)
