numPerPatch32592 <- c(2473,2527)
