numPerPatch71198 <- c(2523,2477)
