numPerPatch56454 = [2502,2498];
