numPerPatch21340 <- c(2483,2517)
