numPerPatch7372 = [2449,2551];
