numPerPatch14356 <- c(2481,2519)
