numPerPatch4850 <- c(2476,2524)
