numPerPatch67706 <- c(2495,2505)
