numPerPatch69840 <- c(2505,2495)
