numPerPatch25996 = [2458,2542];
