numPerPatch76436 <- c(2540,2460)
