numPerPatch47724 = [2407,2593];
