numPerPatch47724 <- c(2407,2593)
