numPerPatch46948 <- c(2424,2576)
