numPerPatch43068 <- c(2557,2443)
