numPerPatch54708 = [2489,2511];
