numPerPatch6596 <- c(2486,2514)
