numPerPatch77406 = [2471,2529];
