numPerPatch39770 <- c(2470,2530)
