numPerPatch1164 = [2419,2581];
