numPerPatch14938 <- c(2516,2484)
