numPerPatch86718 <- c(2561,2439)
