numPerPatch6402 <- c(2509,2491)
