numPerPatch4656 = [2515,2485];
