numPerPatch27742 <- c(2495,2505)
