numPerPatch38606 = [2519,2481];
