numPerPatch71780 = [2563,2437];
