numPerPatch10282 <- c(2488,2512)
