numPerPatch83226 <- c(2584,2416)
