numPerPatch45590 = [2506,2494];
