numPerPatch45590 <- c(2506,2494)
