numPerPatch38412 <- c(2513,2487)
