numPerPatch8730 = [2447,2553];
