numPerPatch65378 = [2535,2465];
