numPerPatch16878 = [2566,2434];
