numPerPatch23668 <- c(2439,2561)
