numPerPatch17266 <- c(2467,2533)
