numPerPatch33174 <- c(2526,2474)
