numPerPatch65572 <- c(2546,2454)
