numPerPatch63438 <- c(2488,2512)
