numPerPatch48500 = [2485,2515];
