numPerPatch5044 <- c(2505,2495)
