numPerPatch55678 <- c(2532,2468)
