numPerPatch13968 <- c(2473,2527)
