numPerPatch66930 <- c(2501,2499)
