numPerPatch41128 = [2495,2505];
