numPerPatch6984 = [2528,2472];
