numPerPatch9118 <- c(2548,2452)
