numPerPatch76824 <- c(2481,2519)
