numPerPatch60334 <- c(2486,2514)
