numPerPatch85554 = [2509,2491];
