numPerPatch69646 <- c(2508,2492)
