numPerPatch6014 = [2435,2565];
