numPerPatch58006 = [2434,2566];
