numPerPatch5820 <- c(2545,2455)
