numPerPatch40934 = [2511,2489];
