numPerPatch7954 = [2571,2429];
