numPerPatch22892 = [2505,2495];
