numPerPatch27160 = [2552,2448];
