numPerPatch54514 = [2507,2493];
