numPerPatch21728 <- c(2499,2501)
