numPerPatch81868 <- c(2487,2513)
