numPerPatch31816 = [2461,2539];
