numPerPatch84196 <- c(2509,2491)
