numPerPatch17460 = [2498,2502];
