numPerPatch42098 = [2524,2476];
