numPerPatch27936 = [2572,2428];
