numPerPatch43262 = [2549,2451];
