numPerPatch46172 = [2517,2483];
