numPerPatch82644 <- c(2480,2520)
