numPerPatch9506 <- c(2489,2511)
