numPerPatch79540 <- c(2539,2461)
