numPerPatch85360 <- c(2499,2501)
