numPerPatch31040 <- c(2575,2425)
