numPerPatch81674 <- c(2497,2503)
