numPerPatch39382 <- c(2452,2548)
