numPerPatch71392 = [2528,2472];
