numPerPatch15520 <- c(2466,2534)
