numPerPatch20952 <- c(2460,2540)
