numPerPatch16684 <- c(2540,2460)
