numPerPatch3104 <- c(2519,2481)
