numPerPatch9700 <- c(2468,2532)
