numPerPatch42292 = [2488,2512];
