numPerPatch49470 <- c(2489,2511)
