numPerPatch72168 = [2504,2496];
