numPerPatch41710 = [2464,2536];
