numPerPatch8730 <- c(2447,2553)
