numPerPatch11834 = [2481,2519];
