numPerPatch15714 = [2488,2512];
