numPerPatch86136 <- c(2446,2554)
