numPerPatch10670 = [2483,2517];
