numPerPatch59170 <- c(2510,2490)
