numPerPatch76048 <- c(2509,2491)
