numPerPatch63438 = [2488,2512];
