numPerPatch12804 <- c(2534,2466)
