numPerPatch8148 <- c(2527,2473)
