numPerPatch84778 = [2503,2497];
