numPerPatch33174 = [2526,2474];
