numPerPatch43456 <- c(2483,2517)
