numPerPatch83032 = [2511,2489];
