numPerPatch86912 = [2480,2520];
