numPerPatch65184 <- c(2463,2537)
