numPerPatch59364 = [2529,2471];
