numPerPatch15326 = [2502,2498];
