numPerPatch10088 <- c(2475,2525)
