numPerPatch11446 = [2473,2527];
