numPerPatch42098 <- c(2524,2476)
