numPerPatch38606 <- c(2519,2481)
