numPerPatch78182 <- c(2472,2528)
