numPerPatch82450 = [2503,2497];
