numPerPatch18236 = [2536,2464];
