numPerPatch80898 <- c(2544,2456)
