numPerPatch28130 = [2446,2554];
