numPerPatch64020 = [2492,2508];
