numPerPatch77018 = [2455,2545];
