numPerPatch22504 = [2558,2442];
