numPerPatch3492 = [2475,2525];
