numPerPatch20176 <- c(2427,2573)
