numPerPatch30846 = [2514,2486];
