numPerPatch84972 = [2505,2495];
