numPerPatch68870 <- c(2489,2511)
