numPerPatch53350 = [2562,2438];
