numPerPatch62080 = [2543,2457];
