numPerPatch69840 = [2505,2495];
