numPerPatch44814 = [2536,2464];
