numPerPatch3686 = [2516,2484];
