numPerPatch37636 <- c(2506,2494)
