numPerPatch60528 = [2467,2533];
