numPerPatch81286 = [2490,2510];
