numPerPatch13968 = [2473,2527];
