numPerPatch23474 <- c(2466,2534)
