numPerPatch31234 = [2564,2436];
