numPerPatch58588 = [2490,2510];
