numPerPatch60140 = [2473,2527];
