numPerPatch56842 <- c(2520,2480)
