numPerPatch63244 <- c(2491,2509)
