numPerPatch73138 <- c(2569,2431)
