numPerPatch75272 <- c(2489,2511)
