numPerPatch63632 = [2522,2478];
