numPerPatch17654 <- c(2501,2499)
