numPerPatch47530 = [2556,2444];
