numPerPatch25802 = [2477,2523];
