numPerPatch62662 = [2534,2466];
