numPerPatch32592 = [2473,2527];
