numPerPatch73138 = [2569,2431];
