numPerPatch24638 <- c(2467,2533)
