numPerPatch22310 = [2508,2492];
