numPerPatch49276 = [2491,2509];
