numPerPatch44426 = [2464,2536];
