numPerPatch19012 = [2504,2496];
