numPerPatch4268 <- c(2492,2508)
