numPerPatch68676 <- c(2525,2475)
