numPerPatch43844 <- c(2442,2558)
