numPerPatch35114 = [2521,2479];
