numPerPatch66930 = [2501,2499];
