numPerPatch26966 <- c(2486,2514)
