numPerPatch55484 = [2543,2457];
