numPerPatch62856 <- c(2538,2462)
