numPerPatch30070 <- c(2526,2474)
