numPerPatch77988 = [2496,2504];
