numPerPatch80510 = [2505,2495];
