numPerPatch51798 <- c(2498,2502)
