numPerPatch30264 <- c(2529,2471)
