numPerPatch30458 = [2543,2457];
