numPerPatch34338 <- c(2503,2497)
