numPerPatch45008 = [2494,2506];
