numPerPatch73526 <- c(2501,2499)
