numPerPatch44232 = [2485,2515];
