numPerPatch25414 = [2535,2465];
