numPerPatch27742 = [2495,2505];
