numPerPatch18818 <- c(2482,2518)
