numPerPatch5238 <- c(2466,2534)
