numPerPatch82062 <- c(2489,2511)
