numPerPatch12998 <- c(2462,2538)
