numPerPatch37248 = [2488,2512];
