numPerPatch14938 = [2516,2484];
