numPerPatch71586 = [2486,2514];
