numPerPatch73332 = [2499,2501];
