numPerPatch69258 <- c(2504,2496)
