numPerPatch2716 = [2522,2478];
