numPerPatch85554 <- c(2509,2491)
