numPerPatch48500 <- c(2485,2515)
