numPerPatch10864 = [2405,2595];
