numPerPatch57618 = [2540,2460];
