numPerPatch66542 <- c(2489,2511)
