numPerPatch28518 = [2524,2476];
