numPerPatch40546 <- c(2532,2468)
