numPerPatch8536 <- c(2501,2499)
