numPerPatch60722 <- c(2531,2469)
