numPerPatch53156 <- c(2523,2477)
