numPerPatch21340 = [2483,2517];
