numPerPatch9894 = [2456,2544];
