numPerPatch18236 <- c(2536,2464)
