numPerPatch24832 = [2510,2490];
