numPerPatch17266 = [2467,2533];
