numPerPatch55484 <- c(2543,2457)
