numPerPatch75854 <- c(2545,2455)
