numPerPatch57424 <- c(2459,2541)
