numPerPatch35890 = [2557,2443];
