numPerPatch10476 <- c(2472,2528)
