numPerPatch47336 = [2527,2473];
