numPerPatch25802 <- c(2477,2523)
