numPerPatch10670 <- c(2483,2517)
