numPerPatch84002 = [2540,2460];
