numPerPatch54902 = [2504,2496];
