numPerPatch57812 = [2458,2542];
