numPerPatch80316 <- c(2481,2519)
