numPerPatch9894 <- c(2456,2544)
