numPerPatch62274 <- c(2516,2484)
