numPerPatch34532 = [2530,2470];
