numPerPatch42874 <- c(2477,2523)
