numPerPatch2716 <- c(2522,2478)
