numPerPatch42292 <- c(2488,2512)
