numPerPatch8148 = [2527,2473];
