numPerPatch11640 = [2517,2483];
