numPerPatch49276 <- c(2491,2509)
