numPerPatch76048 = [2509,2491];
