numPerPatch15326 <- c(2502,2498)
