numPerPatch86912 <- c(2480,2520)
