numPerPatch39964 = [2528,2472];
