numPerPatch6208 <- c(2477,2523)
