numPerPatch6596 = [2486,2514];
