numPerPatch58394 <- c(2521,2479)
