numPerPatch194 <- c(2474,2526)
