numPerPatch41516 <- c(2515,2485)
