numPerPatch41904 = [2484,2516];
