numPerPatch39382 = [2452,2548];
