numPerPatch50246 = [2467,2533];
