numPerPatch61498 <- c(2529,2471)
