numPerPatch53350 <- c(2562,2438)
