numPerPatch15714 <- c(2488,2512)
