numPerPatch47142 = [2503,2497];
