numPerPatch11058 = [2490,2510];
