numPerPatch68094 = [2513,2487];
