numPerPatch74302 = [2528,2472];
