numPerPatch66154 <- c(2501,2499)
