numPerPatch59752 <- c(2503,2497)
