numPerPatch56842 = [2520,2480];
