numPerPatch61498 = [2529,2471];
