numPerPatch74884 = [2512,2488];
