numPerPatch48112 = [2479,2521];
