numPerPatch58976 = [2491,2509];
