numPerPatch28324 = [2462,2538];
