numPerPatch77018 <- c(2455,2545)
