numPerPatch53932 <- c(2544,2456)
