numPerPatch72750 <- c(2539,2461)
