numPerPatch76824 = [2481,2519];
