numPerPatch25608 <- c(2462,2538)
