numPerPatch84584 <- c(2476,2524)
