numPerPatch32786 <- c(2508,2492)
