numPerPatch25026 <- c(2479,2521)
