numPerPatch40934 <- c(2511,2489)
