numPerPatch23668 = [2439,2561];
