numPerPatch43650 <- c(2505,2495)
