numPerPatch11252 = [2442,2558];
