numPerPatch53932 = [2544,2456];
