numPerPatch62856 = [2538,2462];
