numPerPatch28712 = [2494,2506];
