numPerPatch27354 = [2479,2521];
