numPerPatch28518 <- c(2524,2476)
