numPerPatch32398 <- c(2522,2478)
