numPerPatch13192 <- c(2479,2521)
