numPerPatch77600 = [2531,2469];
