numPerPatch59558 = [2490,2510];
