numPerPatch58976 <- c(2491,2509)
