numPerPatch79540 = [2539,2461];
