numPerPatch78570 = [2544,2456];
