numPerPatch27548 = [2519,2481];
