numPerPatch25608 = [2462,2538];
