numPerPatch23862 <- c(2507,2493)
