numPerPatch54320 <- c(2485,2515)
