numPerPatch24056 = [2521,2479];
