numPerPatch46560 <- c(2486,2514)
