numPerPatch26772 <- c(2461,2539)
