numPerPatch60140 <- c(2473,2527)
