numPerPatch22698 <- c(2546,2454)
