numPerPatch20564 = [2521,2479];
