numPerPatch36472 = [2563,2437];
