numPerPatch24250 = [2475,2525];
