numPerPatch76242 <- c(2440,2560)
