numPerPatch35890 <- c(2557,2443)
