numPerPatch81286 <- c(2490,2510)
