numPerPatch35502 = [2400,2600];
