numPerPatch79928 = [2538,2462];
