numPerPatch19982 <- c(2544,2456)
