numPerPatch37054 = [2518,2482];
