numPerPatch3298 <- c(2512,2488)
