numPerPatch6402 = [2509,2491];
