numPerPatch21728 = [2499,2501];
