numPerPatch19788 = [2534,2466];
