numPerPatch13192 = [2479,2521];
