numPerPatch70810 <- c(2559,2441)
