numPerPatch61304 = [2507,2493];
