numPerPatch4850 = [2476,2524];
