numPerPatch78764 <- c(2541,2459)
