numPerPatch65184 = [2463,2537];
