numPerPatch43068 = [2557,2443];
