numPerPatch80704 = [2507,2493];
