numPerPatch57036 = [2530,2470];
