numPerPatch65960 = [2410,2590];
