numPerPatch38800 <- c(2523,2477)
