numPerPatch71780 <- c(2563,2437)
