numPerPatch53544 = [2463,2537];
