numPerPatch67900 <- c(2493,2507)
