numPerPatch22310 <- c(2508,2492)
