numPerPatch40352 = [2498,2502];
