numPerPatch28906 <- c(2479,2521)
