numPerPatch19594 = [2484,2516];
