numPerPatch84390 <- c(2524,2476)
