numPerPatch16684 = [2540,2460];
