numPerPatch85748 <- c(2544,2456)
