numPerPatch76436 = [2540,2460];
