numPerPatch50052 <- c(2508,2492)
