numPerPatch31428 <- c(2532,2468)
