numPerPatch60916 = [2471,2529];
