numPerPatch42680 = [2461,2539];
