numPerPatch33950 = [2498,2502];
