numPerPatch81092 <- c(2512,2488)
