numPerPatch33756 <- c(2524,2476)
