numPerPatch74496 = [2529,2471];
