numPerPatch32786 = [2508,2492];
