numPerPatch5626 = [2473,2527];
