numPerPatch74884 <- c(2512,2488)
