numPerPatch57036 <- c(2530,2470)
