numPerPatch19788 <- c(2534,2466)
