numPerPatch20758 <- c(2534,2466)
