numPerPatch21922 = [2497,2503];
