numPerPatch74302 <- c(2528,2472)
