numPerPatch32398 = [2522,2478];
