numPerPatch64602 = [2530,2470];
