numPerPatch31622 <- c(2561,2439)
