numPerPatch24638 = [2467,2533];
