numPerPatch35308 = [2589,2411];
