numPerPatch11640 <- c(2517,2483)
