numPerPatch63826 = [2502,2498];
