numPerPatch20758 = [2534,2466];
