numPerPatch59170 = [2510,2490];
