numPerPatch38218 <- c(2447,2553)
