numPerPatch67124 = [2516,2484];
