numPerPatch83808 <- c(2500,2500)
