numPerPatch79346 = [2472,2528];
