numPerPatch78182 = [2472,2528];
