numPerPatch51022 = [2484,2516];
