numPerPatch52768 = [2516,2484];
