numPerPatch29488 = [2541,2459];
