numPerPatch40546 = [2532,2468];
