numPerPatch9506 = [2489,2511];
