numPerPatch39576 = [2488,2512];
