numPerPatch47142 <- c(2503,2497)
