numPerPatch80510 <- c(2505,2495)
