numPerPatch79346 <- c(2472,2528)
