numPerPatch71392 <- c(2528,2472)
