numPerPatch31234 <- c(2564,2436)
