numPerPatch65378 <- c(2535,2465)
