numPerPatch70422 = [2472,2528];
