numPerPatch69646 = [2508,2492];
