numPerPatch25414 <- c(2535,2465)
