numPerPatch24056 <- c(2521,2479)
