numPerPatch43650 = [2505,2495];
