numPerPatch17848 = [2552,2448];
