numPerPatch582 <- c(2553,2447)
