numPerPatch22116 <- c(2519,2481)
