numPerPatch36278 = [2514,2486];
