numPerPatch56066 <- c(2436,2564)
