numPerPatch61692 = [2450,2550];
