numPerPatch39576 <- c(2488,2512)
