numPerPatch63244 = [2491,2509];
