numPerPatch34726 <- c(2467,2533)
