numPerPatch35114 <- c(2521,2479)
