numPerPatch60528 <- c(2467,2533)
