numPerPatch71974 <- c(2528,2472)
