numPerPatch9312 = [2544,2456];
