numPerPatch50440 = [2525,2475];
