numPerPatch48306 = [2472,2528];
