numPerPatch28324 <- c(2462,2538)
