numPerPatch42680 <- c(2461,2539)
