numPerPatch37248 <- c(2488,2512)
