numPerPatch43262 <- c(2549,2451)
