numPerPatch24832 <- c(2510,2490)
