numPerPatch7954 <- c(2571,2429)
