numPerPatch55096 <- c(2521,2479)
