numPerPatch64796 = [2471,2529];
