numPerPatch29876 <- c(2481,2519)
