numPerPatch15132 <- c(2520,2480)
