numPerPatch776 <- c(2571,2429)
