numPerPatch86524 = [2487,2513];
