numPerPatch84972 <- c(2505,2495)
