numPerPatch42486 <- c(2458,2542)
