numPerPatch34532 <- c(2530,2470)
