numPerPatch85942 <- c(2516,2484)
