numPerPatch57812 <- c(2458,2542)
