numPerPatch15908 <- c(2445,2555)
