numPerPatch68676 = [2525,2475];
