numPerPatch51604 = [2488,2512];
