numPerPatch33562 = [2425,2575];
