numPerPatch19982 = [2544,2456];
