numPerPatch55872 <- c(2543,2457)
