numPerPatch72944 = [2474,2526];
