numPerPatch81480 <- c(2510,2490)
