numPerPatch29488 <- c(2541,2459)
