numPerPatch776 = [2571,2429];
