numPerPatch52574 <- c(2474,2526)
