numPerPatch65960 <- c(2410,2590)
