numPerPatch6208 = [2477,2523];
