numPerPatch67318 = [2481,2519];
