numPerPatch78958 = [2481,2519];
