numPerPatch75466 = [2544,2456];
