numPerPatch20370 <- c(2495,2505)
