numPerPatch45202 = [2493,2507];
