numPerPatch32980 = [2478,2522];
