numPerPatch2522 <- c(2477,2523)
