numPerPatch72362 <- c(2504,2496)
