numPerPatch49082 <- c(2508,2492)
