numPerPatch52380 = [2475,2525];
