numPerPatch61886 = [2508,2492];
