numPerPatch77794 = [2452,2548];
