numPerPatch34726 = [2467,2533];
