numPerPatch50634 <- c(2509,2491)
