numPerPatch16102 <- c(2452,2548)
