numPerPatch64408 <- c(2524,2476)
