numPerPatch71004 = [2509,2491];
