numPerPatch12610 <- c(2470,2530)
