numPerPatch7760 <- c(2540,2460)
