numPerPatch61692 <- c(2450,2550)
