numPerPatch64990 = [2526,2474];
