numPerPatch77212 = [2537,2463];
