numPerPatch38024 <- c(2464,2536)
