numPerPatch10864 <- c(2405,2595)
