numPerPatch16102 = [2452,2548];
