numPerPatch24250 <- c(2475,2525)
