numPerPatch582 = [2553,2447];
