numPerPatch51604 <- c(2488,2512)
