numPerPatch60916 <- c(2471,2529)
