numPerPatch16296 = [2484,2516];
