numPerPatch69258 = [2504,2496];
