numPerPatch84778 <- c(2503,2497)
