numPerPatch18430 <- c(2470,2530)
