numPerPatch33756 = [2524,2476];
