numPerPatch2134 <- c(2503,2497)
