numPerPatch2522 = [2477,2523];
