numPerPatch27354 <- c(2479,2521)
