numPerPatch82256 <- c(2429,2571)
