numPerPatch62662 <- c(2534,2466)
