numPerPatch13386 = [2485,2515];
