numPerPatch388 <- c(2479,2521)
