numPerPatch44620 <- c(2515,2485)
