numPerPatch23474 = [2466,2534];
