numPerPatch80704 <- c(2507,2493)
