numPerPatch74496 <- c(2529,2471)
