numPerPatch44426 <- c(2464,2536)
