numPerPatch72750 = [2539,2461];
