numPerPatch6984 <- c(2528,2472)
