numPerPatch74108 = [2508,2492];
