numPerPatch26578 <- c(2513,2487)
