numPerPatch85166 = [2480,2520];
