numPerPatch67318 <- c(2481,2519)
