numPerPatch30264 = [2529,2471];
