numPerPatch75078 = [2486,2514];
