numPerPatch51798 = [2498,2502];
