numPerPatch36084 <- c(2453,2547)
