numPerPatch75272 = [2489,2511];
