numPerPatch44038 = [2507,2493];
