numPerPatch72362 = [2504,2496];
