numPerPatch24444 <- c(2479,2521)
