numPerPatch43456 = [2483,2517];
