numPerPatch28130 <- c(2446,2554)
