numPerPatch83420 <- c(2502,2498)
