numPerPatch17072 = [2497,2503];
