numPerPatch35696 <- c(2506,2494)
