numPerPatch80316 = [2481,2519];
