numPerPatch72556 = [2511,2489];
