numPerPatch7372 <- c(2449,2551)
