numPerPatch9700 = [2468,2532];
