numPerPatch66736 = [2446,2554];
