numPerPatch31816 <- c(2461,2539)
