numPerPatch73914 = [2458,2542];
