numPerPatch33368 = [2539,2461];
