numPerPatch6014 <- c(2435,2565)
