numPerPatch15908 = [2445,2555];
