numPerPatch45978 <- c(2520,2480)
