numPerPatch56454 <- c(2502,2498)
