numPerPatch39770 = [2470,2530];
