numPerPatch10088 = [2475,2525];
