numPerPatch68482 <- c(2514,2486)
