numPerPatch58006 <- c(2434,2566)
