numPerPatch2910 <- c(2534,2466)
