numPerPatch46754 = [2482,2518];
