numPerPatch83614 <- c(2565,2435)
