numPerPatch51216 <- c(2528,2472)
