numPerPatch45008 <- c(2494,2506)
