numPerPatch25026 = [2479,2521];
