numPerPatch45396 = [2522,2478];
