numPerPatch36860 <- c(2517,2483)
