numPerPatch3880 <- c(2521,2479)
