numPerPatch63632 <- c(2522,2478)
