numPerPatch72168 <- c(2504,2496)
