numPerPatch12804 = [2534,2466];
