numPerPatch37636 = [2506,2494];
