numPerPatch60334 = [2486,2514];
