numPerPatch4268 = [2492,2508];
