numPerPatch26772 = [2461,2539];
