numPerPatch40352 <- c(2498,2502)
