numPerPatch70034 <- c(2545,2455)
