numPerPatch65572 = [2546,2454];
