numPerPatch78764 = [2541,2459];
