numPerPatch16490 <- c(2493,2507)
