numPerPatch44620 = [2515,2485];
