numPerPatch38412 = [2513,2487];
