numPerPatch4074 <- c(2444,2556)
