numPerPatch69064 = [2490,2510];
