numPerPatch51216 = [2528,2472];
