numPerPatch13580 = [2525,2475];
