numPerPatch58782 <- c(2483,2517)
