numPerPatch60722 = [2531,2469];
