numPerPatch19400 = [2510,2490];
