numPerPatch86718 = [2561,2439];
