numPerPatch84584 = [2476,2524];
