numPerPatch46172 <- c(2517,2483)
