numPerPatch53156 = [2523,2477];
