numPerPatch42874 = [2477,2523];
