numPerPatch67900 = [2493,2507];
