numPerPatch83226 = [2584,2416];
