numPerPatch36278 <- c(2514,2486)
