numPerPatch31040 = [2575,2425];
