numPerPatch53738 = [2507,2493];
