numPerPatch18624 = [2490,2510];
