numPerPatch48888 = [2604,2396];
