numPerPatch51410 <- c(2484,2516)
