numPerPatch70810 = [2559,2441];
