numPerPatch76242 = [2440,2560];
