numPerPatch81674 = [2497,2503];
