numPerPatch85748 = [2544,2456];
