numPerPatch34144 = [2471,2529];
