numPerPatch58200 <- c(2457,2543)
