numPerPatch14356 = [2481,2519];
