numPerPatch1552 <- c(2450,2550)
