numPerPatch82838 = [2542,2458];
