numPerPatch27936 <- c(2572,2428)
