numPerPatch56066 = [2436,2564];
