numPerPatch54708 <- c(2489,2511)
