numPerPatch2910 = [2534,2466];
