numPerPatch12416 <- c(2443,2557)
