numPerPatch64602 <- c(2530,2470)
