numPerPatch55290 <- c(2484,2516)
