numPerPatch8342 <- c(2485,2515)
