numPerPatch76630 = [2494,2506];
