numPerPatch47918 <- c(2515,2485)
