numPerPatch82644 = [2480,2520];
