numPerPatch52962 = [2524,2476];
