numPerPatch34920 = [2509,2491];
