numPerPatch12028 = [2464,2536];
