numPerPatch13774 <- c(2562,2438)
