numPerPatch26190 <- c(2541,2459)
