numPerPatch3880 = [2521,2479];
