numPerPatch68288 = [2494,2506];
