numPerPatch39188 <- c(2505,2495)
