numPerPatch80122 <- c(2554,2446)
