numPerPatch56260 = [2503,2497];
