numPerPatch66348 = [2502,2498];
