numPerPatch33950 <- c(2498,2502)
