numPerPatch46366 <- c(2532,2468)
