numPerPatch57618 <- c(2540,2460)
