numPerPatch72556 <- c(2511,2489)
