numPerPatch70616 <- c(2515,2485)
