numPerPatch68482 = [2514,2486];
