numPerPatch40158 = [2534,2466];
