numPerPatch86330 <- c(2501,2499)
