numPerPatch53738 <- c(2507,2493)
