numPerPatch18042 = [2503,2497];
