numPerPatch21922 <- c(2497,2503)
