numPerPatch37830 <- c(2485,2515)
