numPerPatch5432 <- c(2466,2534)
