numPerPatch68870 = [2489,2511];
