numPerPatch36084 = [2453,2547];
