numPerPatch79928 <- c(2538,2462)
