numPerPatch50828 <- c(2580,2420)
