numPerPatch17460 <- c(2498,2502)
