numPerPatch61110 <- c(2451,2549)
