numPerPatch12222 = [2498,2502];
