numPerPatch83808 = [2500,2500];
