numPerPatch45978 = [2520,2480];
