numPerPatch78958 <- c(2481,2519)
