numPerPatch21146 <- c(2519,2481)
