numPerPatch83614 = [2565,2435];
