numPerPatch64214 = [2507,2493];
