numPerPatch9312 <- c(2544,2456)
