numPerPatch30070 = [2526,2474];
