numPerPatch74108 <- c(2508,2492)
