numPerPatch66154 = [2501,2499];
