numPerPatch79152 <- c(2461,2539)
