numPerPatch50052 = [2508,2492];
