numPerPatch29876 = [2481,2519];
