numPerPatch50634 = [2509,2491];
