numPerPatch1746 <- c(2498,2502)
