numPerPatch44232 <- c(2485,2515)
