numPerPatch50440 <- c(2525,2475)
