numPerPatch5044 = [2505,2495];
