numPerPatch26384 <- c(2488,2512)
