numPerPatch51022 <- c(2484,2516)
