numPerPatch55096 = [2521,2479];
