numPerPatch67512 = [2477,2523];
