numPerPatch75660 <- c(2492,2508)
