numPerPatch10282 = [2488,2512];
