numPerPatch48888 <- c(2604,2396)
