numPerPatch27160 <- c(2552,2448)
