numPerPatch4462 <- c(2474,2526)
