numPerPatch72944 <- c(2474,2526)
