numPerPatch48306 <- c(2472,2528)
