numPerPatch2328 = [2555,2445];
