numPerPatch12416 = [2443,2557];
