numPerPatch69064 <- c(2490,2510)
