numPerPatch55872 = [2543,2457];
