numPerPatch22892 <- c(2505,2495)
