numPerPatch54126 = [2508,2492];
