numPerPatch20176 = [2427,2573];
