numPerPatch47336 <- c(2527,2473)
