numPerPatch46366 = [2532,2468];
