numPerPatch37442 = [2427,2573];
