numPerPatch37054 <- c(2518,2482)
