numPerPatch47530 <- c(2556,2444)
