numPerPatch21146 = [2519,2481];
