numPerPatch44814 <- c(2536,2464)
