numPerPatch36472 <- c(2563,2437)
