numPerPatch13774 = [2562,2438];
