numPerPatch79734 = [2474,2526];
