numPerPatch4656 <- c(2515,2485)
