numPerPatch52380 <- c(2475,2525)
