numPerPatch29682 = [2532,2468];
