numPerPatch18624 <- c(2490,2510)
