numPerPatch62468 = [2497,2503];
