numPerPatch73526 = [2501,2499];
