numPerPatch30458 <- c(2543,2457)
