numPerPatch7566 <- c(2504,2496)
