numPerPatch77406 <- c(2471,2529)
