numPerPatch49470 = [2489,2511];
