numPerPatch970 <- c(2441,2559)
