numPerPatch29100 = [2472,2528];
