numPerPatch14550 = [2493,2507];
