numPerPatch14744 = [2487,2513];
