numPerPatch50828 = [2580,2420];
