numPerPatch77212 <- c(2537,2463)
