numPerPatch62080 <- c(2543,2457)
