numPerPatch1746 = [2498,2502];
