numPerPatch81092 = [2512,2488];
