numPerPatch40158 <- c(2534,2466)
