numPerPatch12028 <- c(2464,2536)
