numPerPatch58782 = [2483,2517];
