numPerPatch19206 <- c(2489,2511)
