numPerPatch85166 <- c(2480,2520)
