numPerPatch30652 <- c(2455,2545)
