numPerPatch12610 = [2470,2530];
