numPerPatch59946 = [2473,2527];
