numPerPatch74690 = [2497,2503];
