numPerPatch61304 <- c(2507,2493)
