numPerPatch64020 <- c(2492,2508)
