numPerPatch54320 = [2485,2515];
