numPerPatch5238 = [2466,2534];
