numPerPatch14550 <- c(2493,2507)
