numPerPatch40740 = [2527,2473];
