numPerPatch70034 = [2545,2455];
