numPerPatch11446 <- c(2473,2527)
