numPerPatch50246 <- c(2467,2533)
