numPerPatch36666 <- c(2465,2535)
