numPerPatch8924 = [2516,2484];
