numPerPatch46754 <- c(2482,2518)
