numPerPatch38994 = [2506,2494];
