numPerPatch36860 = [2517,2483];
