numPerPatch194 = [2474,2526];
