numPerPatch51410 = [2484,2516];
