numPerPatch62468 <- c(2497,2503)
