numPerPatch17072 <- c(2497,2503)
