numPerPatch78570 <- c(2544,2456)
