numPerPatch41322 <- c(2469,2531)
