numPerPatch52186 <- c(2491,2509)
