numPerPatch82062 = [2489,2511];
