numPerPatch17848 <- c(2552,2448)
