numPerPatch70228 <- c(2563,2437)
