numPerPatch15520 = [2466,2534];
