numPerPatch33368 <- c(2539,2461)
