numPerPatch11058 <- c(2490,2510)
