numPerPatch14162 = [2534,2466];
