numPerPatch67124 <- c(2516,2484)
