numPerPatch19594 <- c(2484,2516)
