numPerPatch11252 <- c(2442,2558)
