numPerPatch26966 = [2486,2514];
