numPerPatch12222 <- c(2498,2502)
