numPerPatch7760 = [2540,2460];
