numPerPatch26578 = [2513,2487];
