numPerPatch23086 <- c(2493,2507)
