numPerPatch7178 <- c(2506,2494)
