numPerPatch75466 <- c(2544,2456)
