numPerPatch51992 <- c(2506,2494)
