numPerPatch2134 = [2503,2497];
