numPerPatch51992 = [2506,2494];
