numPerPatch39188 = [2505,2495];
