numPerPatch67512 <- c(2477,2523)
