numPerPatch78376 = [2491,2509];
