numPerPatch26190 = [2541,2459];
