numPerPatch29294 = [2490,2510];
