numPerPatch7178 = [2506,2494];
