numPerPatch45396 <- c(2522,2478)
