numPerPatch35696 = [2506,2494];
