numPerPatch1358 = [2508,2492];
