numPerPatch87106 = [2477,2523];
