numPerPatch74690 <- c(2497,2503)
