numPerPatch66348 <- c(2502,2498)
