numPerPatch22504 <- c(2558,2442)
