numPerPatch69452 <- c(2519,2481)
