numPerPatch64796 <- c(2471,2529)
