numPerPatch68094 <- c(2513,2487)
