numPerPatch71974 = [2528,2472];
