numPerPatch25220 <- c(2460,2540)
