numPerPatch38800 = [2523,2477];
