numPerPatch81480 = [2510,2490];
