numPerPatch46560 = [2486,2514];
