numPerPatch27548 <- c(2519,2481)
