numPerPatch73720 <- c(2434,2566)
