numPerPatch40740 <- c(2527,2473)
