numPerPatch21534 = [2456,2544];
