numPerPatch8924 <- c(2516,2484)
