numPerPatch85360 = [2499,2501];
