numPerPatch37442 <- c(2427,2573)
