numPerPatch19400 <- c(2510,2490)
