numPerPatch970 = [2441,2559];
