numPerPatch86330 = [2501,2499];
