numPerPatch30652 = [2455,2545];
