numPerPatch5820 = [2545,2455];
