numPerPatch12998 = [2462,2538];
