numPerPatch9118 = [2548,2452];
