numPerPatch23086 = [2493,2507];
