numPerPatch71004 <- c(2509,2491)
