numPerPatch44160 = [2493,2507];
