numPerPatch127512 = [2513,2487];
