numPerPatch31740 <- c(2575,2425)
