numPerPatch34776 <- c(2522,2478)
