numPerPatch69828 <- c(2492,2508)
