numPerPatch116472 <- c(2480,2520)
