numPerPatch121992 <- c(2510,2490)
