numPerPatch54648 = [2533,2467];
