numPerPatch14904 <- c(2485,2515)
