numPerPatch87768 <- c(2534,2466)
