numPerPatch109572 <- c(2483,2517)
