numPerPatch39744 <- c(2494,2506)
