numPerPatch95496 = [2434,2566];
