numPerPatch94392 <- c(2560,2440)
