numPerPatch108744 = [2429,2571];
