numPerPatch5520 = [2481,2519];
