numPerPatch53544 <- c(2538,2462)
