numPerPatch93012 = [2515,2485];
