numPerPatch72588 <- c(2568,2432)
