numPerPatch120888 <- c(2545,2455)
