numPerPatch89148 = [2479,2521];
