numPerPatch100740 <- c(2482,2518)
