numPerPatch84180 = [2526,2474];
