numPerPatch4140 = [2495,2505];
