numPerPatch102948 <- c(2527,2473)
