numPerPatch99360 = [2408,2592];
