numPerPatch98808 = [2483,2517];
