numPerPatch54096 = [2494,2506];
