numPerPatch89700 <- c(2530,2470)
