numPerPatch66516 <- c(2519,2481)
