numPerPatch33396 = [2489,2511];
