numPerPatch38640 <- c(2528,2472)
