numPerPatch19320 = [2434,2566];
