numPerPatch33948 = [2493,2507];
