numPerPatch82248 <- c(2514,2486)
