numPerPatch52716 = [2506,2494];
