numPerPatch83352 = [2503,2497];
