numPerPatch60996 <- c(2542,2458)
