numPerPatch82524 = [2427,2573];
