numPerPatch119232 <- c(2528,2472)
