numPerPatch21528 = [2564,2436];
