numPerPatch24012 <- c(2474,2526)
