numPerPatch19596 = [2559,2441];
