numPerPatch45816 <- c(2500,2500)
