numPerPatch115092 = [2513,2487];
