numPerPatch113712 <- c(2450,2550)
