numPerPatch57408 <- c(2508,2492)
