numPerPatch14628 <- c(2453,2547)
