numPerPatch1380 = [2439,2561];
