numPerPatch111504 = [2502,2498];
