numPerPatch11316 = [2545,2455];
