numPerPatch13800 <- c(2470,2530)
