numPerPatch128892 = [2505,2495];
