numPerPatch130272 = [2421,2579];
