numPerPatch131100 = [2502,2498];
