numPerPatch91356 <- c(2510,2490)
