numPerPatch135240 = [2492,2508];
