numPerPatch67068 = [2461,2539];
