numPerPatch26772 = [2501,2499];
