numPerPatch13248 <- c(2478,2522)
