numPerPatch21252 = [2483,2517];
