numPerPatch11868 = [2436,2564];
