numPerPatch86940 <- c(2516,2484)
