numPerPatch101292 = [2490,2510];
