numPerPatch70656 = [2518,2482];
