numPerPatch91080 <- c(2531,2469)
