numPerPatch24564 <- c(2463,2537)
