numPerPatch1932 = [2510,2490];
