numPerPatch81144 <- c(2450,2550)
