numPerPatch125580 <- c(2519,2481)
