numPerPatch50232 = [2568,2432];
