numPerPatch55200 = [2526,2474];
