numPerPatch85008 <- c(2495,2505)
