numPerPatch552 = [2502,2498];
