numPerPatch11592 <- c(2500,2500)
