numPerPatch105432 <- c(2532,2468)
