numPerPatch15180 = [2508,2492];
