numPerPatch89424 = [2533,2467];
