numPerPatch101016 = [2537,2463];
