numPerPatch4416 <- c(2426,2574)
