numPerPatch52992 <- c(2477,2523)
