numPerPatch43608 <- c(2488,2512)
