numPerPatch5244 = [2468,2532];
