numPerPatch12420 = [2551,2449];
