numPerPatch15456 <- c(2523,2477)
