numPerPatch134412 <- c(2492,2508)
