numPerPatch32292 = [2540,2460];
