numPerPatch26220 <- c(2549,2451)
