numPerPatch115092 <- c(2513,2487)
