numPerPatch49680 <- c(2444,2556)
