numPerPatch27876 <- c(2522,2478)
