numPerPatch55752 <- c(2570,2430)
