numPerPatch116472 = [2480,2520];
