numPerPatch57684 <- c(2507,2493)
