numPerPatch75072 = [2479,2521];
