numPerPatch17112 <- c(2524,2476)
