numPerPatch73416 = [2477,2523];
