numPerPatch8280 = [2511,2489];
