numPerPatch56856 <- c(2434,2566)
