numPerPatch62376 <- c(2505,2495)
