numPerPatch18216 = [2459,2541];
