numPerPatch87492 <- c(2479,2521)
