numPerPatch135516 <- c(2503,2497)
