numPerPatch83904 = [2504,2496];
