numPerPatch107364 = [2481,2519];
