numPerPatch66516 = [2519,2481];
