numPerPatch60996 = [2542,2458];
