numPerPatch129720 = [2446,2554];
