numPerPatch118404 <- c(2454,2546)
