numPerPatch91080 = [2531,2469];
