numPerPatch3312 <- c(2539,2461)
