numPerPatch18216 <- c(2459,2541)
