numPerPatch91632 <- c(2534,2466)
