numPerPatch86112 = [2492,2508];
