numPerPatch117300 = [2567,2433];
