numPerPatch107916 <- c(2576,2424)
