numPerPatch276 <- c(2448,2552)
