numPerPatch3864 <- c(2476,2524)
