numPerPatch40848 <- c(2552,2448)
