numPerPatch115644 = [2489,2511];
