numPerPatch65136 = [2509,2491];
