numPerPatch35604 = [2499,2501];
