numPerPatch65964 = [2493,2507];
