numPerPatch107916 = [2576,2424];
