numPerPatch70104 = [2471,2529];
