numPerPatch66792 = [2437,2563];
