numPerPatch68172 <- c(2524,2476)
