numPerPatch26772 <- c(2501,2499)
