numPerPatch28152 = [2500,2500];
