numPerPatch75348 <- c(2534,2466)
