numPerPatch41124 <- c(2478,2522)
