numPerPatch96876 = [2501,2499];
