numPerPatch56856 = [2434,2566];
