numPerPatch10764 <- c(2545,2455)
