numPerPatch81420 = [2459,2541];
