numPerPatch66240 <- c(2456,2544)
