numPerPatch14076 <- c(2490,2510)
