numPerPatch2484 <- c(2535,2465)
