numPerPatch18492 = [2490,2510];
