numPerPatch62376 = [2505,2495];
