numPerPatch112332 <- c(2488,2512)
