numPerPatch8004 <- c(2515,2485)
