numPerPatch20976 <- c(2500,2500)
