numPerPatch47196 <- c(2528,2472)
