numPerPatch36156 <- c(2499,2501)
