numPerPatch5520 <- c(2481,2519)
