numPerPatch88596 <- c(2456,2544)
