numPerPatch113988 = [2469,2531];
