numPerPatch95496 <- c(2434,2566)
