numPerPatch64308 = [2474,2526];
