numPerPatch8556 <- c(2518,2482)
