numPerPatch18768 <- c(2521,2479)
