numPerPatch71484 = [2486,2514];
