numPerPatch107088 = [2535,2465];
