numPerPatch33120 = [2473,2527];
