numPerPatch60168 = [2619,2381];
