numPerPatch16008 <- c(2456,2544)
