numPerPatch94392 = [2560,2440];
