numPerPatch5796 <- c(2491,2509)
