numPerPatch34500 = [2532,2468];
