numPerPatch76452 = [2512,2488];
