numPerPatch9660 = [2475,2525];
