numPerPatch59340 = [2526,2474];
