numPerPatch22080 <- c(2515,2485)
