numPerPatch60444 = [2555,2445];
