numPerPatch38364 <- c(2455,2545)
