numPerPatch104880 <- c(2512,2488)
