numPerPatch118680 = [2479,2521];
