numPerPatch33672 <- c(2532,2468)
