numPerPatch38640 = [2528,2472];
