numPerPatch65412 = [2496,2504];
