numPerPatch53268 = [2483,2517];
