numPerPatch65688 <- c(2491,2509)
