numPerPatch108192 = [2572,2428];
