numPerPatch46920 <- c(2518,2482)
