numPerPatch58788 <- c(2511,2489)
