numPerPatch95772 = [2501,2499];
