numPerPatch102672 = [2462,2538];
