numPerPatch74796 = [2538,2462];
