numPerPatch116196 <- c(2488,2512)
