numPerPatch95220 = [2450,2550];
