numPerPatch93564 = [2515,2485];
