numPerPatch134136 = [2552,2448];
