numPerPatch91908 <- c(2513,2487)
