numPerPatch78108 <- c(2474,2526)
