numPerPatch89700 = [2530,2470];
