numPerPatch125856 <- c(2502,2498)
