numPerPatch133860 <- c(2485,2515)
