numPerPatch11040 <- c(2488,2512)
