numPerPatch30084 = [2452,2548];
