numPerPatch35052 = [2456,2544];
