numPerPatch127788 = [2557,2443];
