numPerPatch50508 = [2517,2483];
