numPerPatch85284 = [2525,2475];
