numPerPatch121992 = [2510,2490];
