numPerPatch9936 <- c(2448,2552)
