numPerPatch7728 = [2477,2523];
