numPerPatch21804 <- c(2524,2476)
