numPerPatch129720 <- c(2446,2554)
