numPerPatch92184 = [2501,2499];
