numPerPatch55476 = [2483,2517];
