numPerPatch51888 = [2559,2441];
