numPerPatch12972 = [2547,2453];
