numPerPatch85836 <- c(2523,2477)
