numPerPatch23460 = [2494,2506];
