numPerPatch20700 <- c(2564,2436)
