numPerPatch30360 = [2444,2556];
