numPerPatch111228 <- c(2462,2538)
