numPerPatch48300 = [2549,2451];
