numPerPatch78108 = [2474,2526];
