numPerPatch99360 <- c(2408,2592)
