numPerPatch56580 = [2565,2435];
