numPerPatch38088 <- c(2508,2492)
