numPerPatch130548 <- c(2588,2412)
