numPerPatch126408 <- c(2507,2493)
