numPerPatch32844 = [2516,2484];
