numPerPatch79212 = [2441,2559];
