numPerPatch123924 <- c(2535,2465)
