numPerPatch126960 <- c(2509,2491)
