numPerPatch61272 = [2507,2493];
