numPerPatch81972 <- c(2522,2478)
