numPerPatch6348 = [2497,2503];
