numPerPatch17388 = [2410,2590];
