numPerPatch129168 = [2471,2529];
