numPerPatch83628 <- c(2419,2581)
