numPerPatch1104 <- c(2503,2497)
