numPerPatch10212 = [2508,2492];
