numPerPatch27324 <- c(2499,2501)
