numPerPatch69000 = [2437,2563];
