numPerPatch65964 <- c(2493,2507)
