numPerPatch79212 <- c(2441,2559)
