numPerPatch125028 = [2482,2518];
