numPerPatch5244 <- c(2468,2532)
