numPerPatch133032 = [2449,2551];
