numPerPatch828 <- c(2556,2444)
