numPerPatch62652 = [2491,2509];
