numPerPatch62100 <- c(2457,2543)
