numPerPatch75624 = [2515,2485];
