numPerPatch62928 <- c(2584,2416)
