numPerPatch61548 = [2544,2456];
