numPerPatch103776 <- c(2546,2454)
