numPerPatch9384 <- c(2466,2534)
