numPerPatch24288 = [2524,2476];
