numPerPatch67620 <- c(2563,2437)
