numPerPatch7452 = [2501,2499];
