numPerPatch81696 <- c(2457,2543)
