numPerPatch6624 = [2430,2570];
