numPerPatch108192 <- c(2572,2428)
