numPerPatch96324 = [2526,2474];
