numPerPatch36432 = [2498,2502];
