numPerPatch42780 = [2523,2477];
