numPerPatch117852 = [2487,2513];
