numPerPatch46368 = [2533,2467];
