numPerPatch52992 = [2477,2523];
