numPerPatch91632 = [2534,2466];
