numPerPatch19044 = [2502,2498];
