numPerPatch6348 <- c(2497,2503)
