numPerPatch37812 <- c(2512,2488)
