numPerPatch109296 <- c(2546,2454)
