numPerPatch101844 <- c(2554,2446)
