numPerPatch133308 <- c(2545,2455)
