numPerPatch102120 = [2467,2533];
