numPerPatch47472 <- c(2502,2498)
