numPerPatch41676 <- c(2497,2503)
