numPerPatch101568 = [2513,2487];
