numPerPatch101844 = [2554,2446];
