numPerPatch39192 = [2491,2509];
