numPerPatch2208 <- c(2541,2459)
