numPerPatch91908 = [2513,2487];
