numPerPatch14076 = [2490,2510];
