numPerPatch71484 <- c(2486,2514)
