numPerPatch35328 = [2491,2509];
