numPerPatch71208 <- c(2431,2569)
