numPerPatch105156 = [2516,2484];
