numPerPatch62652 <- c(2491,2509)
