numPerPatch75624 <- c(2515,2485)
