numPerPatch58512 <- c(2433,2567)
