numPerPatch9108 <- c(2509,2491)
