numPerPatch117024 <- c(2517,2483)
