numPerPatch3036 <- c(2517,2483)
