numPerPatch72036 <- c(2575,2425)
