numPerPatch119784 <- c(2485,2515)
