numPerPatch104328 = [2491,2509];
