numPerPatch97980 = [2512,2488];
