numPerPatch123924 = [2535,2465];
