numPerPatch128064 = [2484,2516];
