numPerPatch114540 <- c(2531,2469)
