numPerPatch64032 <- c(2505,2495)
