numPerPatch132756 = [2544,2456];
