numPerPatch99084 = [2538,2462];
