numPerPatch28980 <- c(2544,2456)
