numPerPatch77556 = [2500,2500];
