numPerPatch72588 = [2568,2432];
