numPerPatch14904 = [2485,2515];
