numPerPatch93840 = [2534,2466];
