numPerPatch11316 <- c(2545,2455)
