numPerPatch93288 <- c(2523,2477)
