numPerPatch25944 = [2526,2474];
