numPerPatch4140 <- c(2495,2505)
