numPerPatch35052 <- c(2456,2544)
