numPerPatch30360 <- c(2444,2556)
