numPerPatch104604 = [2549,2451];
