numPerPatch85008 = [2495,2505];
