numPerPatch36708 <- c(2539,2461)
