numPerPatch27876 = [2522,2478];
