numPerPatch63204 <- c(2497,2503)
