numPerPatch77832 <- c(2496,2504)
