numPerPatch30912 = [2581,2419];
