numPerPatch106812 <- c(2542,2458)
