numPerPatch89424 <- c(2533,2467)
