numPerPatch98532 = [2469,2531];
