numPerPatch39192 <- c(2491,2509)
