numPerPatch36984 <- c(2537,2463)
