numPerPatch134412 = [2492,2508];
