numPerPatch87216 = [2568,2432];
