numPerPatch9108 = [2509,2491];
