numPerPatch40572 <- c(2445,2555)
