numPerPatch3312 = [2539,2461];
