numPerPatch55752 = [2570,2430];
