numPerPatch26496 <- c(2478,2522)
