numPerPatch58788 = [2511,2489];
