numPerPatch45264 = [2500,2500];
