numPerPatch36156 = [2499,2501];
