numPerPatch106536 <- c(2592,2408)
