numPerPatch109572 = [2483,2517];
