numPerPatch96876 <- c(2501,2499)
