numPerPatch123372 = [2540,2460];
