numPerPatch116748 <- c(2520,2480)
