numPerPatch97428 = [2525,2475];
