numPerPatch42780 <- c(2523,2477)
