numPerPatch41952 <- c(2508,2492)
