numPerPatch87216 <- c(2568,2432)
