numPerPatch63756 = [2448,2552];
