numPerPatch108468 = [2538,2462];
