numPerPatch126684 <- c(2542,2458)
