numPerPatch25944 <- c(2526,2474)
