numPerPatch8556 = [2518,2482];
