numPerPatch57960 = [2465,2535];
