numPerPatch130824 = [2560,2440];
