numPerPatch17664 = [2480,2520];
