numPerPatch48852 = [2429,2571];
