numPerPatch6900 <- c(2517,2483)
