numPerPatch30084 <- c(2452,2548)
