numPerPatch108744 <- c(2429,2571)
