numPerPatch16836 = [2485,2515];
