numPerPatch5796 = [2491,2509];
