numPerPatch6900 = [2517,2483];
