numPerPatch26220 = [2549,2451];
