numPerPatch66792 <- c(2437,2563)
