numPerPatch64584 = [2528,2472];
