numPerPatch1104 = [2503,2497];
