numPerPatch99084 <- c(2538,2462)
