numPerPatch7176 <- c(2456,2544)
