numPerPatch135240 <- c(2492,2508)
