numPerPatch92460 <- c(2544,2456)
