numPerPatch100740 = [2482,2518];
