numPerPatch90252 = [2468,2532];
