numPerPatch86388 <- c(2554,2446)
