numPerPatch100464 = [2446,2554];
