numPerPatch133308 = [2545,2455];
