numPerPatch127236 = [2434,2566];
