numPerPatch29808 <- c(2474,2526)
