numPerPatch87492 = [2479,2521];
