numPerPatch114816 <- c(2504,2496)
