numPerPatch131928 <- c(2469,2531)
