numPerPatch22908 = [2500,2500];
