numPerPatch63756 <- c(2448,2552)
