numPerPatch51612 = [2389,2611];
