numPerPatch84456 <- c(2479,2521)
