numPerPatch85560 = [2469,2531];
