numPerPatch33948 <- c(2493,2507)
