numPerPatch30912 <- c(2581,2419)
