numPerPatch28704 = [2490,2510];
