numPerPatch28704 <- c(2490,2510)
