numPerPatch115644 <- c(2489,2511)
