numPerPatch8832 = [2491,2509];
