numPerPatch28428 = [2550,2450];
