numPerPatch48300 <- c(2549,2451)
