numPerPatch56580 <- c(2565,2435)
