numPerPatch80040 <- c(2516,2484)
