numPerPatch54372 <- c(2518,2482)
