numPerPatch31464 <- c(2480,2520)
