numPerPatch23736 = [2494,2506];
