numPerPatch85836 = [2523,2477];
