numPerPatch59892 <- c(2523,2477)
