numPerPatch54372 = [2518,2482];
