numPerPatch75072 <- c(2479,2521)
