numPerPatch82800 <- c(2464,2536)
