numPerPatch124752 = [2449,2551];
