numPerPatch79764 <- c(2534,2466)
