numPerPatch9660 <- c(2475,2525)
