numPerPatch54924 <- c(2549,2451)
