numPerPatch27324 = [2499,2501];
