numPerPatch40572 = [2445,2555];
