numPerPatch106260 = [2457,2543];
