numPerPatch39468 <- c(2442,2558)
