numPerPatch60720 <- c(2532,2468)
