numPerPatch122268 = [2532,2468];
