numPerPatch118128 <- c(2530,2470)
