numPerPatch52164 <- c(2558,2442)
