numPerPatch113160 <- c(2534,2466)
