numPerPatch61824 <- c(2450,2550)
