numPerPatch80316 = [2479,2521];
