numPerPatch10488 = [2518,2482];
