numPerPatch101016 <- c(2537,2463)
