numPerPatch22356 <- c(2472,2528)
