numPerPatch1656 = [2541,2459];
