numPerPatch110676 <- c(2545,2455)
