numPerPatch44436 <- c(2548,2452)
