numPerPatch64308 <- c(2474,2526)
