numPerPatch83628 = [2419,2581];
