numPerPatch51060 <- c(2519,2481)
