numPerPatch123096 <- c(2526,2474)
