numPerPatch35880 <- c(2547,2453)
