numPerPatch23460 <- c(2494,2506)
