numPerPatch101292 <- c(2490,2510)
