numPerPatch103776 = [2546,2454];
