numPerPatch109848 <- c(2581,2419)
