numPerPatch37260 <- c(2428,2572)
