numPerPatch102396 <- c(2536,2464)
