numPerPatch88872 <- c(2557,2443)
