numPerPatch81144 = [2450,2550];
