numPerPatch78384 <- c(2445,2555)
