numPerPatch18768 = [2521,2479];
