numPerPatch118956 = [2493,2507];
