numPerPatch43608 = [2488,2512];
