numPerPatch29808 = [2474,2526];
