numPerPatch47196 = [2528,2472];
