numPerPatch43056 = [2450,2550];
