numPerPatch76728 = [2499,2501];
