numPerPatch59616 = [2541,2459];
