numPerPatch10488 <- c(2518,2482)
