numPerPatch4416 = [2426,2574];
