numPerPatch98256 <- c(2500,2500)
