numPerPatch114264 = [2480,2520];
