numPerPatch64584 <- c(2528,2472)
