numPerPatch109020 = [2546,2454];
