numPerPatch70380 <- c(2480,2520)
