numPerPatch125304 = [2540,2460];
