numPerPatch67344 = [2497,2503];
