numPerPatch128340 = [2477,2523];
