numPerPatch94668 = [2527,2473];
