numPerPatch129168 <- c(2471,2529)
