numPerPatch86940 = [2516,2484];
