numPerPatch92736 = [2595,2405];
