numPerPatch38088 = [2508,2492];
