numPerPatch77004 <- c(2509,2491)
