numPerPatch118404 = [2454,2546];
