numPerPatch86664 = [2517,2483];
