numPerPatch15456 = [2523,2477];
