numPerPatch45540 = [2497,2503];
