numPerPatch1932 <- c(2510,2490)
