numPerPatch110952 = [2526,2474];
