numPerPatch32016 = [2495,2505];
