numPerPatch93288 = [2523,2477];
