numPerPatch128616 = [2534,2466];
