numPerPatch60444 <- c(2555,2445)
