numPerPatch51336 <- c(2497,2503)
