numPerPatch70104 <- c(2471,2529)
