numPerPatch115920 <- c(2531,2469)
