numPerPatch111780 = [2540,2460];
