numPerPatch44712 <- c(2506,2494)
