numPerPatch77280 = [2466,2534];
