numPerPatch96048 = [2507,2493];
