numPerPatch38916 <- c(2534,2466)
