numPerPatch13800 = [2470,2530];
