numPerPatch104052 = [2502,2498];
