numPerPatch33120 <- c(2473,2527)
