numPerPatch70932 <- c(2520,2480)
