numPerPatch16008 = [2456,2544];
