numPerPatch86112 <- c(2492,2508)
