numPerPatch23736 <- c(2494,2506)
