numPerPatch93840 <- c(2534,2466)
