numPerPatch65136 <- c(2509,2491)
