numPerPatch125028 <- c(2482,2518)
