numPerPatch30636 = [2531,2469];
