numPerPatch25668 = [2457,2543];
