numPerPatch82800 = [2464,2536];
