numPerPatch84732 <- c(2482,2518)
