numPerPatch101568 <- c(2513,2487)
