numPerPatch94668 <- c(2527,2473)
