numPerPatch40848 = [2552,2448];
