numPerPatch107088 <- c(2535,2465)
