numPerPatch15732 = [2488,2512];
