numPerPatch54924 = [2549,2451];
