numPerPatch92736 <- c(2595,2405)
