numPerPatch133860 = [2485,2515];
