numPerPatch16284 = [2487,2513];
