numPerPatch99636 = [2430,2570];
