numPerPatch90528 <- c(2466,2534)
