numPerPatch128340 <- c(2477,2523)
