numPerPatch96600 <- c(2572,2428)
