numPerPatch82248 = [2514,2486];
