numPerPatch69276 = [2500,2500];
