numPerPatch67896 <- c(2562,2438)
