numPerPatch64860 = [2474,2526];
