numPerPatch73140 <- c(2516,2484)
