numPerPatch50508 <- c(2517,2483)
