numPerPatch19872 <- c(2487,2513)
