numPerPatch77280 <- c(2466,2534)
