numPerPatch46368 <- c(2533,2467)
