numPerPatch19320 <- c(2434,2566)
