numPerPatch49404 <- c(2488,2512)
