numPerPatch81696 = [2457,2543];
