numPerPatch3036 = [2517,2483];
