numPerPatch6624 <- c(2430,2570)
