numPerPatch24840 = [2469,2531];
