numPerPatch63480 = [2489,2511];
