numPerPatch126960 = [2509,2491];
