numPerPatch56028 = [2524,2476];
