numPerPatch118128 = [2530,2470];
