numPerPatch9384 = [2466,2534];
