numPerPatch106812 = [2542,2458];
