numPerPatch119784 = [2485,2515];
