numPerPatch47748 <- c(2564,2436)
