numPerPatch120612 = [2480,2520];
