numPerPatch134136 <- c(2552,2448)
