numPerPatch98256 = [2500,2500];
