numPerPatch84456 = [2479,2521];
