numPerPatch102672 <- c(2462,2538)
