numPerPatch40296 <- c(2469,2531)
