numPerPatch78384 = [2445,2555];
