numPerPatch17664 <- c(2480,2520)
