numPerPatch102120 <- c(2467,2533)
