numPerPatch118680 <- c(2479,2521)
