numPerPatch42504 <- c(2503,2497)
