numPerPatch49956 <- c(2469,2531)
