numPerPatch110400 = [2477,2523];
