numPerPatch7728 <- c(2477,2523)
