numPerPatch71208 = [2431,2569];
