numPerPatch109848 = [2581,2419];
