numPerPatch21804 = [2524,2476];
