numPerPatch117024 = [2517,2483];
