numPerPatch48024 = [2460,2540];
