numPerPatch77556 <- c(2500,2500)
