numPerPatch56304 <- c(2499,2501)
