numPerPatch111780 <- c(2540,2460)
