numPerPatch115368 <- c(2540,2460)
