numPerPatch1656 <- c(2541,2459)
