numPerPatch83076 = [2504,2496];
