numPerPatch26496 = [2478,2522];
