numPerPatch68448 <- c(2565,2435)
