numPerPatch83352 <- c(2503,2497)
