numPerPatch9936 = [2448,2552];
