numPerPatch132204 <- c(2533,2467)
