numPerPatch134688 <- c(2407,2593)
