numPerPatch120060 <- c(2497,2503)
