numPerPatch124752 <- c(2449,2551)
