numPerPatch3588 = [2530,2470];
