numPerPatch131376 = [2452,2548];
