numPerPatch86664 <- c(2517,2483)
