numPerPatch55476 <- c(2483,2517)
