numPerPatch125856 = [2502,2498];
