numPerPatch25392 <- c(2485,2515)
