numPerPatch81420 <- c(2459,2541)
