numPerPatch94116 <- c(2541,2459)
