numPerPatch23184 <- c(2515,2485)
