numPerPatch104604 <- c(2549,2451)
