numPerPatch72864 = [2540,2460];
