numPerPatch110400 <- c(2477,2523)
