numPerPatch53820 <- c(2471,2529)
