numPerPatch58236 <- c(2438,2562)
