numPerPatch6072 <- c(2546,2454)
