numPerPatch100464 <- c(2446,2554)
