numPerPatch116196 = [2488,2512];
