numPerPatch96600 = [2572,2428];
