numPerPatch25116 <- c(2564,2436)
