numPerPatch19872 = [2487,2513];
