numPerPatch120336 = [2491,2509];
