numPerPatch120888 = [2545,2455];
