numPerPatch97428 <- c(2525,2475)
