numPerPatch104328 <- c(2491,2509)
