numPerPatch70656 <- c(2518,2482)
