numPerPatch75348 = [2534,2466];
