numPerPatch122820 = [2497,2503];
