numPerPatch16560 = [2512,2488];
