numPerPatch99912 <- c(2555,2445)
