numPerPatch103500 = [2482,2518];
