numPerPatch127788 <- c(2557,2443)
