numPerPatch132204 = [2533,2467];
