numPerPatch115920 = [2531,2469];
