numPerPatch67896 = [2562,2438];
