numPerPatch6072 = [2546,2454];
