numPerPatch49404 = [2488,2512];
