numPerPatch12144 <- c(2481,2519)
