numPerPatch97704 <- c(2519,2481)
