numPerPatch57132 = [2567,2433];
