numPerPatch41676 = [2497,2503];
