numPerPatch11040 = [2488,2512];
