numPerPatch3588 <- c(2530,2470)
