numPerPatch114540 = [2531,2469];
