numPerPatch41400 = [2455,2545];
