numPerPatch76452 <- c(2512,2488)
