numPerPatch89148 <- c(2479,2521)
