numPerPatch83904 <- c(2504,2496)
