numPerPatch45264 <- c(2500,2500)
