numPerPatch73692 = [2498,2502];
