numPerPatch74520 <- c(2484,2516)
