numPerPatch67344 <- c(2497,2503)
