numPerPatch105984 = [2524,2476];
