numPerPatch122544 = [2426,2574];
