numPerPatch74520 = [2484,2516];
