numPerPatch133584 = [2509,2491];
