numPerPatch73416 <- c(2477,2523)
