numPerPatch122268 <- c(2532,2468)
