numPerPatch123096 = [2526,2474];
