numPerPatch135792 = [2567,2433];
