numPerPatch35328 <- c(2491,2509)
