numPerPatch88320 = [2513,2487];
