numPerPatch114816 = [2504,2496];
