numPerPatch4692 <- c(2487,2513)
