numPerPatch32568 = [2569,2431];
