numPerPatch113988 <- c(2469,2531)
