numPerPatch85284 <- c(2525,2475)
