numPerPatch828 = [2556,2444];
