numPerPatch57684 = [2507,2493];
