numPerPatch52164 = [2558,2442];
