numPerPatch27600 = [2526,2474];
