numPerPatch133032 <- c(2449,2551)
