numPerPatch96048 <- c(2507,2493)
