numPerPatch71760 = [2515,2485];
