numPerPatch46920 = [2518,2482];
