numPerPatch49128 <- c(2476,2524)
