numPerPatch25392 = [2485,2515];
