numPerPatch74796 <- c(2538,2462)
