numPerPatch122820 <- c(2497,2503)
