numPerPatch41400 <- c(2455,2545)
