numPerPatch4692 = [2487,2513];
