numPerPatch52716 <- c(2506,2494)
