numPerPatch45816 = [2500,2500];
