numPerPatch53544 = [2538,2462];
