numPerPatch59340 <- c(2526,2474)
