numPerPatch42228 = [2465,2535];
