numPerPatch17112 = [2524,2476];
