numPerPatch37536 = [2421,2579];
