numPerPatch73968 <- c(2441,2559)
