numPerPatch43332 <- c(2537,2463)
