numPerPatch22632 <- c(2528,2472)
