numPerPatch10764 = [2545,2455];
