numPerPatch65688 = [2491,2509];
