numPerPatch43332 = [2537,2463];
