numPerPatch25668 <- c(2457,2543)
