numPerPatch60168 <- c(2619,2381)
