numPerPatch33672 = [2532,2468];
