numPerPatch121440 <- c(2551,2449)
