numPerPatch119508 = [2481,2519];
