numPerPatch80868 <- c(2516,2484)
