numPerPatch132756 <- c(2544,2456)
