numPerPatch48852 <- c(2429,2571)
