numPerPatch67068 <- c(2461,2539)
