numPerPatch50784 = [2476,2524];
