numPerPatch59616 <- c(2541,2459)
