numPerPatch15732 <- c(2488,2512)
