numPerPatch37260 = [2428,2572];
