numPerPatch29532 <- c(2513,2487)
