numPerPatch20148 <- c(2491,2509)
