numPerPatch126408 = [2507,2493];
