numPerPatch45540 <- c(2497,2503)
