numPerPatch134964 <- c(2522,2478)
