numPerPatch46644 <- c(2536,2464)
