numPerPatch28152 <- c(2500,2500)
