numPerPatch88320 <- c(2513,2487)
