numPerPatch47748 = [2564,2436];
