numPerPatch14628 = [2453,2547];
