numPerPatch115368 = [2540,2460];
