numPerPatch19596 <- c(2559,2441)
