numPerPatch20424 <- c(2538,2462)
