numPerPatch43884 = [2501,2499];
