numPerPatch89976 <- c(2514,2486)
