numPerPatch79764 = [2534,2466];
