numPerPatch44436 = [2548,2452];
