numPerPatch88044 = [2420,2580];
