numPerPatch12696 <- c(2489,2511)
