numPerPatch72864 <- c(2540,2460)
