numPerPatch31188 <- c(2454,2546)
