numPerPatch133584 <- c(2509,2491)
