numPerPatch8832 <- c(2491,2509)
