numPerPatch18492 <- c(2490,2510)
