numPerPatch72312 <- c(2511,2489)
