numPerPatch68724 <- c(2527,2473)
