numPerPatch69000 <- c(2437,2563)
