numPerPatch10212 <- c(2508,2492)
