numPerPatch12972 <- c(2547,2453)
