numPerPatch30636 <- c(2531,2469)
