numPerPatch69276 <- c(2500,2500)
