numPerPatch13524 = [2439,2561];
