numPerPatch96324 <- c(2526,2474)
