numPerPatch61272 <- c(2507,2493)
