numPerPatch78936 <- c(2470,2530)
