numPerPatch54096 <- c(2494,2506)
