numPerPatch34776 = [2522,2478];
