numPerPatch73968 = [2441,2559];
