numPerPatch132480 = [2542,2458];
