numPerPatch122544 <- c(2426,2574)
