numPerPatch94944 <- c(2469,2531)
