numPerPatch88044 <- c(2420,2580)
