numPerPatch89976 = [2514,2486];
