numPerPatch103224 <- c(2486,2514)
