numPerPatch120060 = [2497,2503];
