numPerPatch44988 = [2505,2495];
