numPerPatch109296 = [2546,2454];
