numPerPatch93564 <- c(2515,2485)
