numPerPatch25116 = [2564,2436];
