numPerPatch110676 = [2545,2455];
