numPerPatch35604 <- c(2499,2501)
