numPerPatch102948 = [2527,2473];
