numPerPatch130548 = [2588,2412];
