numPerPatch117576 = [2443,2557];
