numPerPatch110952 <- c(2526,2474)
