numPerPatch49956 = [2469,2531];
