numPerPatch128616 <- c(2534,2466)
