numPerPatch66240 = [2456,2544];
