numPerPatch32844 <- c(2516,2484)
