numPerPatch112332 = [2488,2512];
