numPerPatch71760 <- c(2515,2485)
