numPerPatch127236 <- c(2434,2566)
