numPerPatch17388 <- c(2410,2590)
