numPerPatch70932 = [2520,2480];
