numPerPatch61548 <- c(2544,2456)
