numPerPatch102396 = [2536,2464];
