numPerPatch24564 = [2463,2537];
