numPerPatch105984 <- c(2524,2476)
