numPerPatch41124 = [2478,2522];
