numPerPatch88872 = [2557,2443];
