numPerPatch79488 = [2509,2491];
