numPerPatch8004 = [2515,2485];
