numPerPatch99912 = [2555,2445];
