numPerPatch22908 <- c(2500,2500)
