numPerPatch112608 <- c(2478,2522)
