numPerPatch14352 = [2551,2449];
