numPerPatch38364 = [2455,2545];
