numPerPatch4968 = [2543,2457];
