numPerPatch16836 <- c(2485,2515)
