numPerPatch113436 = [2463,2537];
