numPerPatch90528 = [2466,2534];
