numPerPatch27048 <- c(2533,2467)
