numPerPatch91356 = [2510,2490];
