numPerPatch2208 = [2541,2459];
