numPerPatch57408 = [2508,2492];
