numPerPatch17940 = [2452,2548];
