numPerPatch24012 = [2474,2526];
