numPerPatch57960 <- c(2465,2535)
