numPerPatch92184 <- c(2501,2499)
