numPerPatch121716 = [2523,2477];
