numPerPatch129444 <- c(2479,2521)
