numPerPatch123648 <- c(2543,2457)
