numPerPatch126684 = [2542,2458];
