numPerPatch111228 = [2462,2538];
