numPerPatch48576 = [2507,2493];
