numPerPatch74244 <- c(2479,2521)
