numPerPatch68448 = [2565,2435];
