numPerPatch12144 = [2481,2519];
