numPerPatch24288 <- c(2524,2476)
