numPerPatch129996 = [2494,2506];
