numPerPatch31464 = [2480,2520];
