numPerPatch51612 <- c(2389,2611)
