numPerPatch59892 = [2523,2477];
