numPerPatch29256 = [2532,2468];
