numPerPatch29256 <- c(2532,2468)
