numPerPatch105432 = [2532,2468];
