numPerPatch20148 = [2491,2509];
