numPerPatch80868 = [2516,2484];
