numPerPatch88596 = [2456,2544];
