numPerPatch132480 <- c(2542,2458)
