numPerPatch32292 <- c(2540,2460)
