numPerPatch83076 <- c(2504,2496)
