numPerPatch118956 <- c(2493,2507)
