numPerPatch117300 <- c(2567,2433)
