numPerPatch58236 = [2438,2562];
