numPerPatch51888 <- c(2559,2441)
