numPerPatch56304 = [2499,2501];
