numPerPatch121164 = [2446,2554];
