numPerPatch121440 = [2551,2449];
