numPerPatch47472 = [2502,2498];
