numPerPatch112608 = [2478,2522];
