numPerPatch39468 = [2442,2558];
