numPerPatch125580 = [2519,2481];
