numPerPatch68724 = [2527,2473];
