numPerPatch21528 <- c(2564,2436)
