numPerPatch126132 <- c(2470,2530)
