numPerPatch40020 = [2502,2498];
