numPerPatch37536 <- c(2421,2579)
