numPerPatch113160 = [2534,2466];
