numPerPatch36708 = [2539,2461];
