numPerPatch22080 = [2515,2485];
