numPerPatch125304 <- c(2540,2460)
