numPerPatch130272 <- c(2421,2579)
