numPerPatch28428 <- c(2550,2450)
