numPerPatch90804 <- c(2510,2490)
