numPerPatch121164 <- c(2446,2554)
