numPerPatch16284 <- c(2487,2513)
