numPerPatch116748 = [2520,2480];
