numPerPatch108468 <- c(2538,2462)
