numPerPatch65412 <- c(2496,2504)
