numPerPatch34224 = [2469,2531];
