numPerPatch76176 <- c(2447,2553)
