numPerPatch112056 = [2496,2504];
