numPerPatch77832 = [2496,2504];
