numPerPatch94944 = [2469,2531];
