numPerPatch40296 = [2469,2531];
