numPerPatch23184 = [2515,2485];
