numPerPatch80592 <- c(2518,2482)
