numPerPatch135792 <- c(2567,2433)
