numPerPatch49680 = [2444,2556];
