numPerPatch113436 <- c(2463,2537)
