numPerPatch104880 = [2512,2488];
