numPerPatch95220 <- c(2450,2550)
