numPerPatch73692 <- c(2498,2502)
