numPerPatch44712 = [2506,2494];
