numPerPatch13248 = [2478,2522];
