numPerPatch107640 = [2484,2516];
