numPerPatch100188 <- c(2380,2620)
