numPerPatch69828 = [2492,2508];
