numPerPatch107640 <- c(2484,2516)
