numPerPatch124476 = [2503,2497];
