numPerPatch31740 = [2575,2425];
