numPerPatch13524 <- c(2439,2561)
