numPerPatch79488 <- c(2509,2491)
