numPerPatch84180 <- c(2526,2474)
