numPerPatch109020 <- c(2546,2454)
