numPerPatch78660 <- c(2537,2463)
