numPerPatch123648 = [2543,2457];
