numPerPatch39744 = [2494,2506];
