numPerPatch34224 <- c(2469,2531)
