numPerPatch53820 = [2471,2529];
