numPerPatch48024 <- c(2460,2540)
