numPerPatch56028 <- c(2524,2476)
