numPerPatch11592 = [2500,2500];
