numPerPatch52440 = [2434,2566];
