numPerPatch106536 = [2592,2408];
