numPerPatch99636 <- c(2430,2570)
