numPerPatch52440 <- c(2434,2566)
