numPerPatch70380 = [2480,2520];
