numPerPatch93012 <- c(2515,2485)
