numPerPatch50784 <- c(2476,2524)
