numPerPatch124476 <- c(2503,2497)
