numPerPatch35880 = [2547,2453];
