numPerPatch134964 = [2522,2478];
