numPerPatch123372 <- c(2540,2460)
