numPerPatch21252 <- c(2483,2517)
