numPerPatch98532 <- c(2469,2531)
