numPerPatch3864 = [2476,2524];
