numPerPatch2760 <- c(2504,2496)
