numPerPatch69552 = [2451,2549];
