numPerPatch106260 <- c(2457,2543)
