numPerPatch62928 = [2584,2416];
