numPerPatch113712 = [2450,2550];
