numPerPatch78936 = [2470,2530];
