numPerPatch98808 <- c(2483,2517)
