numPerPatch120336 <- c(2491,2509)
