numPerPatch36432 <- c(2498,2502)
