numPerPatch64032 = [2505,2495];
