numPerPatch50232 <- c(2568,2432)
