numPerPatch78660 = [2537,2463];
