numPerPatch42228 <- c(2465,2535)
