numPerPatch27600 <- c(2526,2474)
