numPerPatch126132 = [2470,2530];
