numPerPatch117576 <- c(2443,2557)
