numPerPatch12420 <- c(2551,2449)
