numPerPatch85560 <- c(2469,2531)
