numPerPatch110124 <- c(2503,2497)
