numPerPatch55200 <- c(2526,2474)
