numPerPatch32568 <- c(2569,2431)
