numPerPatch15180 <- c(2508,2492)
