numPerPatch124200 <- c(2493,2507)
