numPerPatch112884 = [2523,2477];
