numPerPatch27048 = [2533,2467];
