numPerPatch276 = [2448,2552];
