numPerPatch64860 <- c(2474,2526)
