numPerPatch60720 = [2532,2468];
