numPerPatch97704 = [2519,2481];
