numPerPatch131652 = [2472,2528];
