numPerPatch58512 = [2433,2567];
