numPerPatch36984 = [2537,2463];
