numPerPatch121716 <- c(2523,2477)
