numPerPatch1380 <- c(2439,2561)
