numPerPatch84732 = [2482,2518];
