numPerPatch112056 <- c(2496,2504)
