numPerPatch38916 = [2534,2466];
