numPerPatch32016 <- c(2495,2505)
