numPerPatch67620 = [2563,2437];
