numPerPatch97152 = [2479,2521];
