numPerPatch129444 = [2479,2521];
