numPerPatch80316 <- c(2479,2521)
