numPerPatch59064 <- c(2539,2461)
