numPerPatch135516 = [2503,2497];
