numPerPatch20424 = [2538,2462];
