numPerPatch22356 = [2472,2528];
