numPerPatch127512 <- c(2513,2487)
