numPerPatch117852 <- c(2487,2513)
