numPerPatch20976 = [2500,2500];
