numPerPatch105708 <- c(2536,2464)
