numPerPatch72036 = [2575,2425];
