numPerPatch16560 <- c(2512,2488)
