numPerPatch68172 = [2524,2476];
