numPerPatch112884 <- c(2523,2477)
