numPerPatch128892 <- c(2505,2495)
