numPerPatch120612 <- c(2480,2520)
