numPerPatch46092 <- c(2538,2462)
