numPerPatch2484 = [2535,2465];
