numPerPatch105156 <- c(2516,2484)
