numPerPatch100188 = [2380,2620];
