numPerPatch53268 <- c(2483,2517)
