numPerPatch44988 <- c(2505,2495)
