numPerPatch77004 = [2509,2491];
