numPerPatch46092 = [2538,2462];
