numPerPatch107364 <- c(2481,2519)
