numPerPatch14352 <- c(2551,2449)
