numPerPatch134688 = [2407,2593];
