numPerPatch7176 = [2456,2544];
