numPerPatch105708 = [2536,2464];
