numPerPatch37812 = [2512,2488];
