numPerPatch63204 = [2497,2503];
