numPerPatch12696 = [2489,2511];
