numPerPatch104052 <- c(2502,2498)
