numPerPatch75900 = [2533,2467];
