numPerPatch2760 = [2504,2496];
