numPerPatch51336 = [2497,2503];
