numPerPatch72312 = [2511,2489];
