numPerPatch129996 <- c(2494,2506)
