numPerPatch74244 = [2479,2521];
