numPerPatch86388 = [2554,2446];
