numPerPatch41952 = [2508,2492];
