numPerPatch46644 = [2536,2464];
