numPerPatch119508 <- c(2481,2519)
