numPerPatch33396 <- c(2489,2511)
