numPerPatch59064 = [2539,2461];
