numPerPatch131376 <- c(2452,2548)
