numPerPatch97152 <- c(2479,2521)
