numPerPatch54648 <- c(2533,2467)
