numPerPatch11868 <- c(2436,2564)
