numPerPatch92460 = [2544,2456];
