numPerPatch90804 = [2510,2490];
