numPerPatch114264 <- c(2480,2520)
