numPerPatch7452 <- c(2501,2499)
