numPerPatch49128 = [2476,2524];
