numPerPatch73140 = [2516,2484];
