numPerPatch81972 = [2522,2478];
