numPerPatch42504 = [2503,2497];
