numPerPatch22632 = [2528,2472];
