numPerPatch124200 = [2493,2507];
