numPerPatch80592 = [2518,2482];
