numPerPatch76176 = [2447,2553];
