numPerPatch119232 = [2528,2472];
