numPerPatch131928 = [2469,2531];
