numPerPatch130824 <- c(2560,2440)
