numPerPatch44160 <- c(2493,2507)
