numPerPatch57132 <- c(2567,2433)
