numPerPatch103224 = [2486,2514];
