numPerPatch28980 = [2544,2456];
