numPerPatch8280 <- c(2511,2489)
