numPerPatch131652 <- c(2472,2528)
