numPerPatch20700 = [2564,2436];
