numPerPatch87768 = [2534,2466];
