numPerPatch62100 = [2457,2543];
