numPerPatch97980 <- c(2512,2488)
