numPerPatch43056 <- c(2450,2550)
