numPerPatch128064 <- c(2484,2516)
