numPerPatch94116 = [2541,2459];
