numPerPatch61824 = [2450,2550];
