numPerPatch90252 <- c(2468,2532)
