numPerPatch82524 <- c(2427,2573)
