numPerPatch51060 = [2519,2481];
