numPerPatch75900 <- c(2533,2467)
