numPerPatch31188 = [2454,2546];
