numPerPatch48576 <- c(2507,2493)
