numPerPatch63480 <- c(2489,2511)
