numPerPatch80040 = [2516,2484];
