numPerPatch110124 = [2503,2497];
