numPerPatch145000 <- c(2462,2538)
