numPerPatch479500 = [2475,2525];
