numPerPatch419500 = [2437,2563];
