numPerPatch280000 <- c(2417,2583)
