numPerPatch565500 <- c(2530,2470)
