numPerPatch87000 <- c(2516,2484)
