numPerPatch273500 = [2438,2562];
