numPerPatch128500 = [2406,2594];
