numPerPatch43000 = [2523,2477];
