numPerPatch183500 <- c(2499,2501)
