numPerPatch430000 = [2440,2560];
