numPerPatch401500 = [2526,2474];
