numPerPatch23000 = [2473,2527];
