numPerPatch465000 = [2550,2450];
