numPerPatch416000 = [2462,2538];
