numPerPatch189500 = [2488,2512];
