numPerPatch507500 = [2564,2436];
