numPerPatch466000 <- c(2524,2476)
