numPerPatch53000 = [2515,2485];
