numPerPatch174000 = [2489,2511];
