numPerPatch407500 <- c(2503,2497)
