numPerPatch445500 <- c(2476,2524)
