numPerPatch323500 <- c(2506,2494)
