numPerPatch385000 <- c(2464,2536)
