numPerPatch526500 <- c(2454,2546)
