numPerPatch426000 = [2462,2538];
