numPerPatch487500 = [2494,2506];
