numPerPatch83000 <- c(2464,2536)
