numPerPatch2000 <- c(2502,2498)
