numPerPatch79500 = [2533,2467];
