numPerPatch166500 = [2515,2485];
