numPerPatch233500 = [2529,2471];
