numPerPatch396500 = [2504,2496];
