numPerPatch444000 = [2508,2492];
