numPerPatch95500 <- c(2532,2468)
