numPerPatch488000 = [2526,2474];
