numPerPatch372500 = [2513,2487];
