numPerPatch293000 <- c(2552,2448)
