numPerPatch554500 = [2455,2545];
