numPerPatch81500 = [2496,2504];
