numPerPatch386500 = [2477,2523];
