numPerPatch163000 = [2533,2467];
