numPerPatch390000 = [2507,2493];
