numPerPatch545000 = [2513,2487];
