numPerPatch28500 = [2486,2514];
