numPerPatch564500 <- c(2456,2544)
