numPerPatch433500 = [2541,2459];
