numPerPatch100500 <- c(2453,2547)
