numPerPatch569000 = [2514,2486];
