numPerPatch2500 = [2529,2471];
