numPerPatch208000 = [2467,2533];
