numPerPatch207500 = [2500,2500];
