numPerPatch2000 = [2502,2498];
