numPerPatch460000 = [2451,2549];
