numPerPatch303500 = [2560,2440];
