numPerPatch326000 = [2427,2573];
