numPerPatch373000 = [2581,2419];
