numPerPatch18500 = [2442,2558];
