numPerPatch556500 = [2470,2530];
