numPerPatch180500 <- c(2462,2538)
