numPerPatch409000 = [2497,2503];
