numPerPatch263000 = [2560,2440];
