numPerPatch477000 <- c(2531,2469)
