numPerPatch142000 = [2456,2544];
