numPerPatch95500 = [2532,2468];
