numPerPatch137500 = [2581,2419];
