numPerPatch501500 = [2509,2491];
