numPerPatch519000 = [2523,2477];
