numPerPatch378500 = [2585,2415];
