numPerPatch75500 = [2512,2488];
