numPerPatch337500 = [2519,2481];
