numPerPatch187000 = [2565,2435];
