numPerPatch28500 <- c(2486,2514)
