numPerPatch535000 = [2466,2534];
