numPerPatch380000 <- c(2443,2557)
