numPerPatch421000 = [2493,2507];
