numPerPatch250500 = [2453,2547];
