numPerPatch93500 = [2497,2503];
