numPerPatch171000 <- c(2448,2552)
