numPerPatch544500 <- c(2545,2455)
