numPerPatch341500 = [2492,2508];
