numPerPatch516500 = [2529,2471];
