numPerPatch96000 <- c(2540,2460)
