numPerPatch306500 = [2495,2505];
