numPerPatch91500 = [2511,2489];
