numPerPatch510000 = [2475,2525];
