numPerPatch141500 = [2463,2537];
