numPerPatch536500 = [2493,2507];
