numPerPatch26000 = [2513,2487];
