numPerPatch406000 = [2512,2488];
