numPerPatch425500 = [2494,2506];
