numPerPatch370000 <- c(2531,2469)
