numPerPatch147000 <- c(2599,2401)
