numPerPatch172000 = [2524,2476];
