numPerPatch349000 <- c(2560,2440)
