numPerPatch355000 = [2498,2502];
