numPerPatch559000 = [2507,2493];
