numPerPatch75000 <- c(2579,2421)
