numPerPatch497000 <- c(2481,2519)
