numPerPatch522500 = [2530,2470];
