numPerPatch367500 = [2542,2458];
