numPerPatch492000 = [2548,2452];
