numPerPatch484500 = [2480,2520];
