numPerPatch533500 <- c(2497,2503)
