numPerPatch481500 <- c(2466,2534)
