numPerPatch235500 = [2513,2487];
