numPerPatch465000 <- c(2550,2450)
