numPerPatch62500 <- c(2539,2461)
