numPerPatch528500 = [2521,2479];
