numPerPatch415000 = [2484,2516];
