numPerPatch139500 <- c(2490,2510)
