numPerPatch332500 <- c(2553,2447)
