numPerPatch11000 = [2518,2482];
