numPerPatch8000 = [2522,2478];
