numPerPatch550500 = [2541,2459];
