numPerPatch97500 = [2494,2506];
