numPerPatch583000 = [2559,2441];
