numPerPatch382000 = [2478,2522];
