numPerPatch364500 = [2566,2434];
