numPerPatch302000 <- c(2529,2471)
