numPerPatch391000 <- c(2568,2432)
