numPerPatch511500 <- c(2483,2517)
