numPerPatch165500 = [2465,2535];
