numPerPatch411500 <- c(2534,2466)
