numPerPatch304500 <- c(2463,2537)
