numPerPatch289500 = [2463,2537];
