numPerPatch495000 <- c(2498,2502)
