numPerPatch9000 <- c(2428,2572)
