numPerPatch192500 = [2484,2516];
