numPerPatch301500 <- c(2451,2549)
