numPerPatch540000 = [2558,2442];
