numPerPatch51000 <- c(2492,2508)
