numPerPatch85000 = [2483,2517];
