numPerPatch365000 = [2509,2491];
