numPerPatch556000 = [2426,2574];
