numPerPatch395500 = [2478,2522];
