numPerPatch80500 <- c(2495,2505)
