numPerPatch304000 = [2499,2501];
