numPerPatch513000 = [2495,2505];
