numPerPatch344500 = [2435,2565];
