numPerPatch328000 <- c(2519,2481)
