numPerPatch505000 = [2525,2475];
