numPerPatch366500 <- c(2467,2533)
