numPerPatch416000 <- c(2462,2538)
