numPerPatch327500 = [2474,2526];
