numPerPatch232000 <- c(2535,2465)
