numPerPatch133000 = [2460,2540];
