numPerPatch108500 = [2515,2485];
