numPerPatch530500 = [2518,2482];
