numPerPatch500500 = [2482,2518];
