numPerPatch8500 <- c(2467,2533)
