numPerPatch403500 <- c(2501,2499)
