numPerPatch406500 = [2522,2478];
