numPerPatch418500 = [2535,2465];
