numPerPatch60000 = [2469,2531];
