numPerPatch514000 = [2519,2481];
