numPerPatch200500 = [2489,2511];
