numPerPatch15500 = [2499,2501];
