numPerPatch114500 = [2478,2522];
