numPerPatch200000 = [2546,2454];
