numPerPatch130500 <- c(2493,2507)
