numPerPatch246000 = [2515,2485];
