numPerPatch414000 = [2479,2521];
