numPerPatch21500 <- c(2462,2538)
