numPerPatch308500 = [2504,2496];
