numPerPatch324000 <- c(2446,2554)
