numPerPatch331000 = [2473,2527];
