numPerPatch502000 <- c(2487,2513)
