numPerPatch28000 <- c(2468,2532)
