numPerPatch474000 = [2480,2520];
