numPerPatch113500 = [2477,2523];
