numPerPatch11500 <- c(2527,2473)
