numPerPatch121500 = [2426,2574];
