numPerPatch348000 = [2496,2504];
