numPerPatch478500 = [2512,2488];
