numPerPatch472000 = [2572,2428];
