numPerPatch285500 <- c(2492,2508)
