numPerPatch174500 <- c(2491,2509)
