numPerPatch56000 = [2533,2467];
