numPerPatch347000 = [2523,2477];
