numPerPatch107500 = [2546,2454];
