numPerPatch519500 <- c(2479,2521)
