numPerPatch314000 = [2500,2500];
