numPerPatch493500 = [2472,2528];
