numPerPatch475000 = [2494,2506];
