numPerPatch67500 = [2487,2513];
