numPerPatch383500 <- c(2558,2442)
