numPerPatch67000 = [2495,2505];
