numPerPatch310000 = [2470,2530];
