numPerPatch397000 = [2464,2536];
