numPerPatch378500 <- c(2585,2415)
