numPerPatch227500 = [2418,2582];
