numPerPatch449500 = [2474,2526];
