numPerPatch422000 = [2484,2516];
