numPerPatch280500 = [2516,2484];
