numPerPatch263500 <- c(2470,2530)
