numPerPatch326500 <- c(2511,2489)
