numPerPatch510500 = [2522,2478];
