numPerPatch100000 = [2554,2446];
