numPerPatch451500 = [2474,2526];
