numPerPatch574500 <- c(2550,2450)
