numPerPatch78000 = [2469,2531];
