numPerPatch56500 = [2468,2532];
