numPerPatch500000 = [2439,2561];
