numPerPatch19500 = [2517,2483];
