numPerPatch55500 = [2445,2555];
