numPerPatch525500 <- c(2525,2475)
