numPerPatch424500 = [2520,2480];
