numPerPatch97000 <- c(2472,2528)
