numPerPatch581000 = [2458,2542];
