numPerPatch301500 = [2451,2549];
