numPerPatch364000 = [2451,2549];
