numPerPatch251000 <- c(2474,2526)
