numPerPatch437500 = [2493,2507];
