numPerPatch408500 <- c(2550,2450)
