numPerPatch330500 = [2523,2477];
