numPerPatch53500 = [2499,2501];
