numPerPatch159000 <- c(2497,2503)
