numPerPatch58000 = [2502,2498];
