numPerPatch62500 = [2539,2461];
