numPerPatch333000 = [2578,2422];
