numPerPatch148000 <- c(2455,2545)
