numPerPatch181000 <- c(2552,2448)
