numPerPatch92000 <- c(2412,2588)
