numPerPatch258500 = [2441,2559];
