numPerPatch582000 = [2474,2526];
