numPerPatch124500 = [2485,2515];
