numPerPatch230000 = [2547,2453];
