numPerPatch131000 <- c(2519,2481)
