numPerPatch568500 = [2456,2544];
