numPerPatch6500 = [2446,2554];
