numPerPatch303000 = [2497,2503];
