numPerPatch404000 = [2520,2480];
