numPerPatch534500 <- c(2529,2471)
