numPerPatch386000 <- c(2420,2580)
