numPerPatch346000 <- c(2494,2506)
