numPerPatch279500 <- c(2526,2474)
