numPerPatch10500 <- c(2431,2569)
