numPerPatch419000 = [2545,2455];
