numPerPatch400000 = [2496,2504];
