numPerPatch447500 = [2468,2532];
