numPerPatch41500 = [2516,2484];
