numPerPatch309000 <- c(2562,2438)
