numPerPatch442000 = [2508,2492];
