numPerPatch581500 = [2469,2531];
