numPerPatch69500 = [2440,2560];
