numPerPatch555000 <- c(2514,2486)
