numPerPatch175000 = [2469,2531];
