numPerPatch25500 <- c(2455,2545)
