numPerPatch189000 = [2535,2465];
