numPerPatch548500 <- c(2534,2466)
