numPerPatch235000 = [2436,2564];
