numPerPatch141000 = [2484,2516];
