numPerPatch578500 = [2434,2566];
