numPerPatch237000 = [2491,2509];
