numPerPatch257000 = [2446,2554];
