numPerPatch156000 = [2469,2531];
