numPerPatch415500 = [2474,2526];
