numPerPatch441000 <- c(2573,2427)
