numPerPatch93500 <- c(2497,2503)
