numPerPatch138000 = [2522,2478];
