numPerPatch177000 = [2492,2508];
