numPerPatch364000 <- c(2451,2549)
