numPerPatch204500 <- c(2439,2561)
