numPerPatch340000 = [2454,2546];
