numPerPatch210000 = [2478,2522];
