numPerPatch476000 <- c(2421,2579)
