numPerPatch125000 <- c(2469,2531)
