numPerPatch142500 = [2540,2460];
