numPerPatch321000 = [2534,2466];
