numPerPatch191500 = [2554,2446];
