numPerPatch218500 = [2481,2519];
