numPerPatch77000 = [2517,2483];
