numPerPatch261000 = [2494,2506];
