numPerPatch567000 <- c(2398,2602)
