numPerPatch516000 = [2505,2495];
