numPerPatch534000 <- c(2544,2456)
