numPerPatch24500 = [2490,2510];
