numPerPatch109500 = [2521,2479];
