numPerPatch471500 = [2496,2504];
