numPerPatch43500 = [2488,2512];
