numPerPatch38000 = [2499,2501];
