numPerPatch158500 = [2495,2505];
