numPerPatch296000 <- c(2489,2511)
