numPerPatch554500 <- c(2455,2545)
