numPerPatch146000 = [2461,2539];
