numPerPatch93000 = [2495,2505];
