numPerPatch461500 = [2449,2551];
