numPerPatch10000 = [2537,2463];
