numPerPatch109000 <- c(2523,2477)
