numPerPatch158000 = [2497,2503];
