numPerPatch262000 = [2496,2504];
