numPerPatch513500 <- c(2525,2475)
