numPerPatch7000 <- c(2460,2540)
