numPerPatch284500 = [2508,2492];
