numPerPatch34000 <- c(2584,2416)
