numPerPatch222000 = [2518,2482];
