numPerPatch243000 = [2553,2447];
