numPerPatch387000 = [2476,2524];
