numPerPatch354000 <- c(2499,2501)
