numPerPatch491500 = [2502,2498];
