numPerPatch561500 = [2521,2479];
