numPerPatch554000 = [2527,2473];
