numPerPatch244500 = [2459,2541];
