numPerPatch539000 <- c(2427,2573)
