numPerPatch333000 <- c(2578,2422)
