numPerPatch80000 = [2541,2459];
