numPerPatch215500 = [2471,2529];
