numPerPatch518000 <- c(2536,2464)
