numPerPatch101500 = [2557,2443];
