numPerPatch483000 <- c(2539,2461)
