numPerPatch103500 = [2515,2485];
