numPerPatch214000 = [2539,2461];
