numPerPatch543500 <- c(2457,2543)
