numPerPatch136000 <- c(2441,2559)
