numPerPatch372000 <- c(2492,2508)
