numPerPatch385500 = [2445,2555];
