numPerPatch203500 = [2510,2490];
