numPerPatch105500 = [2491,2509];
