numPerPatch41000 = [2553,2447];
