numPerPatch518500 = [2510,2490];
