numPerPatch35000 = [2517,2483];
