numPerPatch456000 = [2492,2508];
