numPerPatch234500 = [2449,2551];
