numPerPatch160000 <- c(2484,2516)
