numPerPatch333500 <- c(2496,2504)
