numPerPatch66000 = [2515,2485];
