numPerPatch106500 = [2488,2512];
