numPerPatch543500 = [2457,2543];
