numPerPatch367000 <- c(2450,2550)
