numPerPatch289000 = [2542,2458];
