numPerPatch46500 = [2533,2467];
