numPerPatch322000 = [2541,2459];
