numPerPatch320000 = [2466,2534];
