numPerPatch545500 = [2554,2446];
