numPerPatch393500 = [2450,2550];
