numPerPatch363500 <- c(2466,2534)
