numPerPatch196500 = [2527,2473];
