numPerPatch545500 <- c(2554,2446)
