numPerPatch264000 = [2506,2494];
