numPerPatch463000 = [2573,2427];
