numPerPatch576000 = [2488,2512];
