numPerPatch560000 = [2495,2505];
