numPerPatch177500 <- c(2583,2417)
