numPerPatch216000 = [2558,2442];
