numPerPatch576500 = [2480,2520];
