numPerPatch330000 = [2461,2539];
