numPerPatch434500 <- c(2532,2468)
