numPerPatch119500 = [2465,2535];
