numPerPatch366000 = [2501,2499];
