numPerPatch57000 = [2469,2531];
