numPerPatch211500 = [2583,2417];
