numPerPatch564000 = [2485,2515];
