numPerPatch226000 <- c(2431,2569)
