numPerPatch435000 = [2575,2425];
