numPerPatch285000 = [2498,2502];
