numPerPatch237500 <- c(2450,2550)
