numPerPatch85500 = [2482,2518];
