numPerPatch575500 = [2488,2512];
