numPerPatch256500 = [2574,2426];
