numPerPatch110500 = [2425,2575];
