numPerPatch132000 = [2506,2494];
