numPerPatch554000 <- c(2527,2473)
