numPerPatch474500 = [2548,2452];
