numPerPatch277500 = [2414,2586];
