numPerPatch295000 = [2461,2539];
