numPerPatch435500 = [2464,2536];
