numPerPatch578500 <- c(2434,2566)
