numPerPatch174500 = [2491,2509];
