numPerPatch72500 = [2499,2501];
