numPerPatch498500 = [2541,2459];
