numPerPatch94500 <- c(2467,2533)
