numPerPatch120000 = [2512,2488];
