numPerPatch1000 <- c(2505,2495)
