numPerPatch264500 = [2468,2532];
