numPerPatch133000 <- c(2460,2540)
