numPerPatch168000 = [2494,2506];
