numPerPatch216500 <- c(2534,2466)
