numPerPatch229500 <- c(2565,2435)
