numPerPatch53000 <- c(2515,2485)
