numPerPatch201500 = [2561,2439];
