numPerPatch346500 = [2520,2480];
