numPerPatch360500 = [2541,2459];
