numPerPatch233000 = [2528,2472];
