numPerPatch72000 = [2517,2483];
