numPerPatch570500 = [2462,2538];
