numPerPatch30000 = [2469,2531];
