numPerPatch399000 <- c(2575,2425)
