numPerPatch63000 <- c(2552,2448)
