numPerPatch361000 = [2555,2445];
