numPerPatch243500 = [2450,2550];
