numPerPatch126000 = [2494,2506];
