numPerPatch293500 = [2492,2508];
