numPerPatch201000 = [2447,2553];
