numPerPatch448500 = [2568,2432];
