numPerPatch347500 <- c(2508,2492)
