numPerPatch13500 <- c(2489,2511)
