numPerPatch113000 = [2517,2483];
