numPerPatch463000 <- c(2573,2427)
