numPerPatch7000 = [2460,2540];
