numPerPatch116500 = [2543,2457];
