numPerPatch146500 = [2502,2498];
