numPerPatch474500 <- c(2548,2452)
