numPerPatch223500 = [2530,2470];
