numPerPatch320500 <- c(2475,2525)
