numPerPatch105500 <- c(2491,2509)
