numPerPatch117500 = [2535,2465];
