numPerPatch89500 <- c(2548,2452)
