numPerPatch130000 = [2467,2533];
