numPerPatch580000 = [2543,2457];
