numPerPatch313000 <- c(2506,2494)
