numPerPatch495500 = [2539,2461];
