numPerPatch39000 = [2542,2458];
