numPerPatch13500 = [2489,2511];
