numPerPatch462000 <- c(2526,2474)
