numPerPatch112000 <- c(2540,2460)
