numPerPatch491000 <- c(2492,2508)
