numPerPatch162000 = [2480,2520];
