numPerPatch149000 <- c(2542,2458)
