numPerPatch211000 = [2465,2535];
