numPerPatch428000 <- c(2458,2542)
