numPerPatch216500 = [2534,2466];
