numPerPatch500000 <- c(2439,2561)
