numPerPatch403000 = [2465,2535];
