numPerPatch232000 = [2535,2465];
