numPerPatch524500 = [2523,2477];
