numPerPatch21000 <- c(2476,2524)
