numPerPatch293000 = [2552,2448];
