numPerPatch306000 = [2478,2522];
