numPerPatch450500 <- c(2533,2467)
