numPerPatch259000 = [2495,2505];
