numPerPatch461500 <- c(2449,2551)
