numPerPatch571500 = [2505,2495];
