numPerPatch485000 = [2521,2479];
