numPerPatch290500 = [2545,2455];
