numPerPatch394500 = [2549,2451];
