numPerPatch100500 = [2453,2547];
