numPerPatch354000 = [2499,2501];
