numPerPatch423000 <- c(2518,2482)
