numPerPatch167500 <- c(2520,2480)
