numPerPatch180500 = [2462,2538];
