numPerPatch239000 = [2572,2428];
