numPerPatch281000 <- c(2525,2475)
