numPerPatch337000 = [2535,2465];
