numPerPatch28000 = [2468,2532];
