numPerPatch277500 <- c(2414,2586)
