numPerPatch529500 <- c(2449,2551)
