numPerPatch406500 <- c(2522,2478)
