numPerPatch124000 = [2481,2519];
