numPerPatch426500 <- c(2475,2525)
