numPerPatch64500 = [2454,2546];
