numPerPatch539500 <- c(2433,2567)
