numPerPatch563500 = [2468,2532];
