numPerPatch412000 <- c(2533,2467)
