numPerPatch209000 <- c(2511,2489)
