numPerPatch34500 = [2541,2459];
