numPerPatch84500 = [2530,2470];
