numPerPatch161000 = [2489,2511];
