numPerPatch17000 = [2488,2512];
