numPerPatch272500 <- c(2494,2506)
