numPerPatch479000 <- c(2567,2433)
