numPerPatch188000 = [2552,2448];
