numPerPatch559500 <- c(2484,2516)
