numPerPatch551500 = [2504,2496];
