numPerPatch408000 = [2499,2501];
