numPerPatch55000 = [2421,2579];
