numPerPatch135000 <- c(2548,2452)
