numPerPatch126500 = [2491,2509];
