numPerPatch239500 = [2495,2505];
