numPerPatch292000 <- c(2506,2494)
