numPerPatch157000 = [2475,2525];
