numPerPatch557000 = [2448,2552];
