numPerPatch20000 <- c(2545,2455)
