numPerPatch490500 = [2517,2483];
