numPerPatch527000 = [2471,2529];
