numPerPatch12500 = [2498,2502];
