numPerPatch27500 = [2514,2486];
