numPerPatch360000 <- c(2527,2473)
