numPerPatch285500 = [2492,2508];
