numPerPatch361000 <- c(2555,2445)
