numPerPatch148500 = [2457,2543];
