numPerPatch116000 = [2555,2445];
