numPerPatch194000 = [2476,2524];
