numPerPatch509000 = [2573,2427];
