numPerPatch86000 = [2462,2538];
