numPerPatch212000 = [2497,2503];
