numPerPatch33500 = [2501,2499];
