numPerPatch329000 <- c(2459,2541)
