numPerPatch300000 = [2506,2494];
