numPerPatch325000 = [2523,2477];
