numPerPatch201500 <- c(2561,2439)
