numPerPatch6000 = [2497,2503];
