numPerPatch552000 = [2512,2488];
