numPerPatch71500 = [2491,2509];
