numPerPatch363000 <- c(2523,2477)
