numPerPatch73500 <- c(2575,2425)
