numPerPatch147500 <- c(2571,2429)
