numPerPatch577000 = [2478,2522];
