numPerPatch108500 <- c(2515,2485)
