numPerPatch436500 = [2561,2439];
