numPerPatch467000 = [2512,2488];
