numPerPatch102500 = [2551,2449];
