numPerPatch508500 = [2442,2558];
