numPerPatch188000 <- c(2552,2448)
