numPerPatch358000 = [2526,2474];
