numPerPatch555500 = [2511,2489];
