numPerPatch39500 = [2520,2480];
