numPerPatch502500 = [2550,2450];
