numPerPatch256500 <- c(2574,2426)
