numPerPatch520500 = [2482,2518];
