numPerPatch171000 = [2448,2552];
