numPerPatch436500 <- c(2561,2439)
