numPerPatch269000 <- c(2481,2519)
