numPerPatch277000 = [2503,2497];
