numPerPatch529500 = [2449,2551];
