numPerPatch242500 = [2507,2493];
