numPerPatch224500 = [2463,2537];
