numPerPatch189000 <- c(2535,2465)
