numPerPatch544500 = [2545,2455];
