numPerPatch70500 = [2516,2484];
