numPerPatch440500 <- c(2532,2468)
