numPerPatch128500 <- c(2406,2594)
