numPerPatch305000 = [2534,2466];
