numPerPatch563000 <- c(2459,2541)
