numPerPatch304500 = [2463,2537];
