numPerPatch287500 = [2481,2519];
