numPerPatch548500 = [2534,2466];
