numPerPatch21000 = [2476,2524];
