numPerPatch482500 = [2520,2480];
