numPerPatch146000 <- c(2461,2539)
