numPerPatch311500 <- c(2507,2493)
