numPerPatch168500 = [2432,2568];
