numPerPatch44500 = [2436,2564];
