numPerPatch52000 <- c(2508,2492)
