numPerPatch542000 <- c(2509,2491)
