numPerPatch140000 = [2486,2514];
