numPerPatch16000 = [2513,2487];
