numPerPatch195500 = [2496,2504];
