numPerPatch343500 = [2506,2494];
