numPerPatch492500 <- c(2498,2502)
