numPerPatch94000 = [2466,2534];
