numPerPatch441500 = [2537,2463];
