numPerPatch270000 = [2476,2524];
