numPerPatch363000 = [2523,2477];
