numPerPatch107500 <- c(2546,2454)
