numPerPatch169500 = [2486,2514];
