numPerPatch204500 = [2439,2561];
