numPerPatch283500 = [2487,2513];
