numPerPatch147000 = [2599,2401];
