numPerPatch206500 = [2488,2512];
