numPerPatch228500 <- c(2429,2571)
