numPerPatch312500 = [2502,2498];
