numPerPatch20500 <- c(2459,2541)
