numPerPatch362500 = [2492,2508];
