numPerPatch563000 = [2459,2541];
