numPerPatch125500 = [2555,2445];
