numPerPatch35500 = [2548,2452];
