numPerPatch128000 = [2497,2503];
