numPerPatch191500 <- c(2554,2446)
