numPerPatch297000 = [2547,2453];
