numPerPatch572500 = [2493,2507];
