numPerPatch559000 <- c(2507,2493)
