numPerPatch187000 <- c(2565,2435)
