numPerPatch490000 <- c(2442,2558)
