numPerPatch45000 = [2503,2497];
