numPerPatch223000 = [2466,2534];
