numPerPatch541500 = [2471,2529];
