numPerPatch267000 = [2507,2493];
