numPerPatch280000 = [2417,2583];
