numPerPatch552500 <- c(2436,2564)
