numPerPatch506500 = [2519,2481];
