numPerPatch477500 = [2535,2465];
