numPerPatch532500 <- c(2549,2451)
