numPerPatch259500 = [2476,2524];
