numPerPatch402000 = [2491,2509];
