numPerPatch547000 = [2512,2488];
