numPerPatch469000 = [2521,2479];
