numPerPatch235000 <- c(2436,2564)
