numPerPatch352000 = [2502,2498];
