numPerPatch490500 <- c(2517,2483)
