numPerPatch458000 = [2457,2543];
