numPerPatch130500 = [2493,2507];
