numPerPatch558000 = [2440,2560];
