numPerPatch282000 = [2516,2484];
