numPerPatch182500 <- c(2550,2450)
