numPerPatch314000 <- c(2500,2500)
