numPerPatch258000 = [2478,2522];
