numPerPatch466500 = [2521,2479];
