numPerPatch288000 = [2448,2552];
