numPerPatch530000 = [2489,2511];
