numPerPatch399500 = [2501,2499];
