numPerPatch561000 = [2510,2490];
