numPerPatch193500 = [2432,2568];
