numPerPatch316500 = [2495,2505];
