numPerPatch502000 = [2487,2513];
