numPerPatch78500 <- c(2501,2499)
