numPerPatch152500 = [2501,2499];
