numPerPatch309500 = [2543,2457];
