numPerPatch489000 = [2475,2525];
