numPerPatch347500 = [2508,2492];
