numPerPatch267000 <- c(2507,2493)
