numPerPatch348000 <- c(2496,2504)
