numPerPatch537500 = [2478,2522];
