numPerPatch497000 = [2481,2519];
