numPerPatch518000 = [2536,2464];
