numPerPatch299000 = [2483,2517];
