numPerPatch143000 = [2479,2521];
