numPerPatch316000 = [2517,2483];
