numPerPatch448500 <- c(2568,2432)
