numPerPatch253500 <- c(2469,2531)
