numPerPatch420000 = [2474,2526];
