numPerPatch487000 = [2494,2506];
