numPerPatch476500 = [2499,2501];
