numPerPatch405000 = [2576,2424];
