numPerPatch517000 = [2478,2522];
