numPerPatch401500 <- c(2526,2474)
