numPerPatch494000 = [2470,2530];
