numPerPatch172500 = [2557,2443];
