numPerPatch227000 = [2498,2502];
