numPerPatch532500 = [2549,2451];
