numPerPatch379000 <- c(2504,2496)
