numPerPatch578000 <- c(2546,2454)
