numPerPatch440000 = [2440,2560];
