numPerPatch582500 <- c(2423,2577)
