numPerPatch209000 = [2511,2489];
