numPerPatch526000 <- c(2555,2445)
