numPerPatch428500 = [2463,2537];
