numPerPatch120000 <- c(2512,2488)
