numPerPatch515500 = [2564,2436];
