numPerPatch342500 = [2457,2543];
