numPerPatch47500 = [2543,2457];
