numPerPatch369500 = [2461,2539];
