numPerPatch228500 = [2429,2571];
