numPerPatch288500 = [2479,2521];
