numPerPatch286500 = [2508,2492];
