numPerPatch354500 = [2463,2537];
