numPerPatch172000 <- c(2524,2476)
