numPerPatch119000 = [2458,2542];
