numPerPatch217000 = [2520,2480];
