numPerPatch305500 <- c(2615,2385)
