numPerPatch212000 <- c(2497,2503)
