numPerPatch560500 = [2514,2486];
