numPerPatch60500 = [2508,2492];
