numPerPatch78500 = [2501,2499];
