numPerPatch4000 <- c(2419,2581)
