numPerPatch245000 = [2489,2511];
