numPerPatch472500 <- c(2563,2437)
