numPerPatch73500 = [2575,2425];
