numPerPatch410500 = [2484,2516];
