numPerPatch311500 = [2507,2493];
