numPerPatch318000 = [2452,2548];
