numPerPatch520000 = [2492,2508];
