numPerPatch442000 <- c(2508,2492)
