numPerPatch97500 <- c(2494,2506)
