numPerPatch556000 <- c(2426,2574)
