numPerPatch499500 = [2485,2515];
