numPerPatch572000 = [2528,2472];
