numPerPatch400500 = [2431,2569];
