numPerPatch142500 <- c(2540,2460)
