numPerPatch462000 = [2526,2474];
