numPerPatch332000 <- c(2466,2534)
