numPerPatch337500 <- c(2519,2481)
