numPerPatch373500 = [2518,2482];
