numPerPatch308000 = [2566,2434];
