numPerPatch276500 = [2521,2479];
