numPerPatch254000 <- c(2497,2503)
