numPerPatch502500 <- c(2550,2450)
