numPerPatch498000 = [2451,2549];
