numPerPatch84000 = [2441,2559];
