numPerPatch451000 = [2528,2472];
