numPerPatch47000 <- c(2463,2537)
