numPerPatch473500 = [2474,2526];
