numPerPatch36000 = [2575,2425];
