numPerPatch292000 = [2506,2494];
