numPerPatch206000 <- c(2505,2495)
