numPerPatch99000 <- c(2495,2505)
