numPerPatch463500 = [2477,2523];
