numPerPatch275500 = [2530,2470];
