numPerPatch381500 = [2487,2513];
