numPerPatch239000 <- c(2572,2428)
