numPerPatch453500 = [2454,2546];
