numPerPatch573000 = [2473,2527];
