numPerPatch144000 = [2412,2588];
