numPerPatch48500 = [2460,2540];
