numPerPatch534000 = [2544,2456];
