numPerPatch549500 = [2481,2519];
