numPerPatch368500 = [2501,2499];
