numPerPatch104500 <- c(2440,2560)
