numPerPatch101000 = [2473,2527];
