numPerPatch73000 = [2460,2540];
