numPerPatch82000 = [2490,2510];
