numPerPatch395000 <- c(2433,2567)
