numPerPatch362000 = [2517,2483];
