numPerPatch92500 = [2487,2513];
