numPerPatch64000 = [2478,2522];
