numPerPatch373500 <- c(2518,2482)
