numPerPatch344500 <- c(2435,2565)
