numPerPatch403000 <- c(2465,2535)
