numPerPatch379500 = [2479,2521];
