numPerPatch181500 = [2499,2501];
