numPerPatch307500 = [2582,2418];
