numPerPatch160500 <- c(2461,2539)
