numPerPatch329000 = [2459,2541];
