numPerPatch40000 = [2480,2520];
