numPerPatch269500 = [2537,2463];
