numPerPatch23000 <- c(2473,2527)
