numPerPatch536000 = [2499,2501];
