numPerPatch507000 = [2448,2552];
