numPerPatch111500 = [2403,2597];
