numPerPatch359000 = [2500,2500];
