numPerPatch208000 <- c(2467,2533)
