numPerPatch184000 = [2444,2556];
