numPerPatch151000 = [2471,2529];
