numPerPatch383500 = [2558,2442];
