numPerPatch71000 <- c(2550,2450)
