numPerPatch389000 <- c(2434,2566)
