numPerPatch352500 = [2461,2539];
