numPerPatch500500 <- c(2482,2518)
