numPerPatch164500 = [2519,2481];
