numPerPatch527000 <- c(2471,2529)
