numPerPatch301000 = [2530,2470];
