numPerPatch392500 <- c(2510,2490)
