numPerPatch46000 <- c(2546,2454)
