numPerPatch413500 = [2471,2529];
