numPerPatch441500 <- c(2537,2463)
