numPerPatch244000 <- c(2454,2546)
