numPerPatch26500 <- c(2505,2495)
