numPerPatch493500 <- c(2472,2528)
