numPerPatch87500 = [2526,2474];
