numPerPatch129000 = [2473,2527];
