numPerPatch82000 <- c(2490,2510)
