numPerPatch327000 = [2439,2561];
