numPerPatch140500 = [2454,2546];
