numPerPatch540500 = [2490,2510];
