numPerPatch181000 = [2552,2448];
