numPerPatch542000 = [2509,2491];
