numPerPatch317500 = [2505,2495];
