numPerPatch110000 <- c(2511,2489)
