numPerPatch307000 <- c(2524,2476)
