numPerPatch499000 = [2496,2504];
