numPerPatch395000 = [2433,2567];
