numPerPatch137000 = [2458,2542];
