numPerPatch414000 <- c(2479,2521)
