numPerPatch79000 = [2557,2443];
