numPerPatch29000 = [2455,2545];
