numPerPatch464000 <- c(2549,2451)
