numPerPatch421500 = [2503,2497];
