numPerPatch298500 <- c(2461,2539)
