numPerPatch444500 = [2549,2451];
