numPerPatch154000 = [2533,2467];
