numPerPatch444500 <- c(2549,2451)
