numPerPatch76500 = [2522,2478];
