numPerPatch178000 = [2429,2571];
