numPerPatch20500 = [2459,2541];
