numPerPatch577500 <- c(2515,2485)
