numPerPatch298500 = [2461,2539];
