numPerPatch484000 = [2487,2513];
