numPerPatch225500 = [2492,2508];
