numPerPatch477000 = [2531,2469];
