numPerPatch427000 = [2546,2454];
