numPerPatch17500 = [2554,2446];
