numPerPatch256000 = [2538,2462];
