numPerPatch33000 = [2468,2532];
