numPerPatch378000 <- c(2389,2611)
