numPerPatch492500 = [2498,2502];
