numPerPatch68500 = [2462,2538];
