numPerPatch18000 = [2478,2522];
