numPerPatch380500 = [2471,2529];
