numPerPatch452000 = [2544,2456];
