numPerPatch127500 = [2533,2467];
