numPerPatch149000 = [2542,2458];
