numPerPatch83500 = [2524,2476];
