numPerPatch376000 = [2470,2530];
