numPerPatch190000 = [2456,2544];
