numPerPatch52000 = [2508,2492];
