numPerPatch279500 = [2526,2474];
