numPerPatch456500 = [2494,2506];
