numPerPatch350000 <- c(2475,2525)
