numPerPatch35000 <- c(2517,2483)
