numPerPatch579500 = [2524,2476];
