numPerPatch248500 <- c(2531,2469)
