numPerPatch248500 = [2531,2469];
