numPerPatch188500 = [2438,2562];
