numPerPatch60500 <- c(2508,2492)
