numPerPatch455500 = [2499,2501];
