numPerPatch284000 = [2528,2472];
