numPerPatch335500 = [2469,2531];
