numPerPatch221000 = [2510,2490];
