numPerPatch375500 = [2446,2554];
