numPerPatch542500 <- c(2517,2483)
