numPerPatch15000 = [2500,2500];
