numPerPatch566500 <- c(2477,2523)
