numPerPatch32000 = [2512,2488];
