numPerPatch120500 = [2493,2507];
