numPerPatch376500 <- c(2450,2550)
