numPerPatch345500 = [2522,2478];
