numPerPatch185000 = [2575,2425];
