numPerPatch221500 = [2517,2483];
