numPerPatch538000 = [2520,2480];
