numPerPatch335000 = [2525,2475];
