numPerPatch214500 = [2513,2487];
