numPerPatch479000 = [2567,2433];
