numPerPatch436000 = [2451,2549];
