numPerPatch12000 <- c(2524,2476)
