numPerPatch503500 = [2493,2507];
