numPerPatch173500 = [2456,2544];
