numPerPatch335000 <- c(2525,2475)
