numPerPatch267500 = [2478,2522];
