numPerPatch357500 = [2473,2527];
