numPerPatch574000 = [2453,2547];
