numPerPatch287000 = [2530,2470];
