numPerPatch507000 <- c(2448,2552)
