numPerPatch86500 = [2469,2531];
