numPerPatch137000 <- c(2458,2542)
