numPerPatch467500 <- c(2559,2441)
