numPerPatch143500 = [2503,2497];
