numPerPatch290000 <- c(2513,2487)
