numPerPatch522000 = [2557,2443];
