numPerPatch476000 = [2421,2579];
