numPerPatch390500 <- c(2557,2443)
