numPerPatch403500 = [2501,2499];
