numPerPatch407000 <- c(2449,2551)
