numPerPatch160000 = [2484,2516];
