numPerPatch471000 = [2496,2504];
