numPerPatch5000 <- c(2483,2517)
