numPerPatch263500 = [2470,2530];
