numPerPatch582500 = [2423,2577];
