numPerPatch547500 <- c(2464,2536)
