numPerPatch10500 = [2431,2569];
