numPerPatch82500 = [2501,2499];
