numPerPatch123000 <- c(2455,2545)
