numPerPatch527500 = [2543,2457];
