numPerPatch555500 <- c(2511,2489)
