numPerPatch302500 <- c(2448,2552)
