numPerPatch351500 <- c(2496,2504)
