numPerPatch89000 = [2510,2490];
