numPerPatch190000 <- c(2456,2544)
