numPerPatch125500 <- c(2555,2445)
