numPerPatch377500 = [2418,2582];
