numPerPatch197500 = [2501,2499];
