numPerPatch119500 <- c(2465,2535)
