numPerPatch196000 = [2450,2550];
