numPerPatch78000 <- c(2469,2531)
