numPerPatch92000 = [2412,2588];
