numPerPatch388500 <- c(2537,2463)
