numPerPatch4000 = [2419,2581];
