numPerPatch61500 = [2501,2499];
