numPerPatch478000 = [2500,2500];
