numPerPatch210000 <- c(2478,2522)
