numPerPatch21500 = [2462,2538];
