numPerPatch482000 = [2439,2561];
