numPerPatch58500 = [2475,2525];
