numPerPatch457500 = [2481,2519];
