numPerPatch63500 = [2504,2496];
