numPerPatch560500 <- c(2514,2486)
