numPerPatch449000 = [2454,2546];
