numPerPatch556500 <- c(2470,2530)
