numPerPatch66000 <- c(2515,2485)
