numPerPatch213500 = [2518,2482];
