numPerPatch353500 = [2460,2540];
