numPerPatch22500 <- c(2528,2472)
