numPerPatch450000 = [2426,2574];
