numPerPatch319500 = [2520,2480];
