numPerPatch296500 <- c(2460,2540)
