numPerPatch312000 = [2494,2506];
