numPerPatch14000 = [2486,2514];
