numPerPatch506000 <- c(2486,2514)
