numPerPatch272000 = [2431,2569];
