numPerPatch541500 <- c(2471,2529)
