numPerPatch440000 <- c(2440,2560)
