numPerPatch45500 = [2491,2509];
