numPerPatch486500 = [2499,2501];
