numPerPatch90000 = [2452,2548];
