numPerPatch327500 <- c(2474,2526)
