numPerPatch566000 = [2488,2512];
