numPerPatch351500 = [2496,2504];
