numPerPatch310500 = [2435,2565];
