numPerPatch91000 = [2492,2508];
