numPerPatch122500 <- c(2512,2488)
