numPerPatch496500 = [2477,2523];
