numPerPatch149500 <- c(2521,2479)
