numPerPatch410000 = [2433,2567];
