numPerPatch282500 = [2448,2552];
