numPerPatch519500 = [2479,2521];
