numPerPatch339500 = [2473,2527];
