numPerPatch185500 = [2496,2504];
