numPerPatch489500 = [2470,2530];
