numPerPatch223500 <- c(2530,2470)
