numPerPatch531000 = [2505,2495];
