numPerPatch558500 = [2476,2524];
