numPerPatch349000 = [2560,2440];
