numPerPatch290000 = [2513,2487];
