numPerPatch452500 <- c(2474,2526)
