numPerPatch350000 = [2475,2525];
