numPerPatch571000 = [2444,2556];
