numPerPatch106500 <- c(2488,2512)
