numPerPatch238000 = [2470,2530];
