numPerPatch384500 = [2509,2491];
