numPerPatch318500 = [2508,2492];
