numPerPatch112000 = [2540,2460];
