numPerPatch137500 <- c(2581,2419)
