numPerPatch215000 = [2532,2468];
