numPerPatch123500 <- c(2540,2460)
