numPerPatch104000 = [2463,2537];
