numPerPatch366000 <- c(2501,2499)
