numPerPatch268000 = [2442,2558];
