numPerPatch182500 = [2550,2450];
