numPerPatch136000 = [2441,2559];
