numPerPatch483000 = [2539,2461];
