numPerPatch374000 = [2505,2495];
