numPerPatch302500 = [2448,2552];
