numPerPatch183500 = [2499,2501];
