numPerPatch505500 = [2437,2563];
