numPerPatch281000 = [2525,2475];
