numPerPatch153500 <- c(2457,2543)
