numPerPatch89500 = [2548,2452];
