numPerPatch151500 = [2486,2514];
