numPerPatch546000 <- c(2548,2452)
