numPerPatch469000 <- c(2521,2479)
