numPerPatch317000 = [2509,2491];
