numPerPatch370500 <- c(2503,2497)
