numPerPatch163500 = [2479,2521];
