numPerPatch195000 = [2552,2448];
