numPerPatch478000 <- c(2500,2500)
