numPerPatch217500 = [2508,2492];
