numPerPatch37500 = [2533,2467];
