numPerPatch186500 = [2465,2535];
