numPerPatch69000 = [2474,2526];
