numPerPatch458500 <- c(2508,2492)
