numPerPatch112500 = [2455,2545];
