numPerPatch153000 = [2497,2503];
