numPerPatch361500 = [2449,2551];
