numPerPatch176500 = [2529,2471];
