numPerPatch314500 = [2517,2483];
