numPerPatch178500 = [2518,2482];
