numPerPatch348500 = [2567,2433];
