numPerPatch40500 <- c(2544,2456)
