numPerPatch515000 = [2538,2462];
