numPerPatch287500 <- c(2481,2519)
