numPerPatch418000 = [2521,2479];
