numPerPatch127000 = [2526,2474];
