numPerPatch525500 = [2525,2475];
