numPerPatch503000 = [2474,2526];
