numPerPatch54000 <- c(2430,2570)
