numPerPatch89000 <- c(2510,2490)
