numPerPatch566500 = [2477,2523];
