numPerPatch350500 = [2498,2502];
