numPerPatch249500 = [2477,2523];
