numPerPatch268500 = [2489,2511];
