numPerPatch315000 <- c(2561,2439)
