numPerPatch544000 = [2606,2394];
