numPerPatch408500 = [2550,2450];
