numPerPatch246000 <- c(2515,2485)
