numPerPatch24000 <- c(2555,2445)
