numPerPatch328500 <- c(2548,2452)
