numPerPatch254500 = [2496,2504];
