numPerPatch62000 <- c(2503,2497)
