numPerPatch112500 <- c(2455,2545)
