numPerPatch192000 = [2473,2527];
