numPerPatch197000 = [2442,2558];
