numPerPatch380000 = [2443,2557];
