numPerPatch417500 = [2474,2526];
