numPerPatch425500 <- c(2494,2506)
