numPerPatch63000 = [2552,2448];
