numPerPatch406000 <- c(2512,2488)
