numPerPatch567000 = [2398,2602];
