numPerPatch410000 <- c(2433,2567)
