numPerPatch65000 = [2420,2580];
