numPerPatch573500 = [2528,2472];
