numPerPatch283000 = [2470,2530];
