numPerPatch71000 = [2550,2450];
