numPerPatch62000 = [2503,2497];
