numPerPatch273000 = [2557,2443];
