numPerPatch168500 <- c(2432,2568)
