numPerPatch394000 = [2488,2512];
