numPerPatch458500 = [2508,2492];
