numPerPatch434500 = [2532,2468];
