numPerPatch104500 = [2440,2560];
