numPerPatch75000 = [2579,2421];
