numPerPatch323000 = [2501,2499];
