numPerPatch344000 = [2525,2475];
