numPerPatch117000 = [2494,2506];
