numPerPatch268500 <- c(2489,2511)
