numPerPatch480000 = [2532,2468];
