numPerPatch563500 <- c(2468,2532)
