numPerPatch146500 <- c(2502,2498)
