numPerPatch195500 <- c(2496,2504)
