numPerPatch370500 = [2503,2497];
