numPerPatch177000 <- c(2492,2508)
