numPerPatch369500 <- c(2461,2539)
