numPerPatch103000 = [2397,2603];
