numPerPatch46500 <- c(2533,2467)
