numPerPatch363500 = [2466,2534];
