numPerPatch559500 = [2484,2516];
