numPerPatch118500 = [2497,2503];
