numPerPatch248000 <- c(2531,2469)
