numPerPatch466000 = [2524,2476];
