numPerPatch440500 = [2532,2468];
