numPerPatch27000 = [2510,2490];
