numPerPatch297500 = [2490,2510];
