numPerPatch9000 = [2428,2572];
