numPerPatch70500 <- c(2516,2484)
