numPerPatch558500 <- c(2476,2524)
