numPerPatch47000 = [2463,2537];
