numPerPatch108000 = [2417,2583];
