numPerPatch102000 <- c(2590,2410)
