numPerPatch569500 = [2499,2501];
