numPerPatch91000 <- c(2492,2508)
