numPerPatch525000 = [2552,2448];
