numPerPatch393000 = [2514,2486];
