numPerPatch129500 = [2527,2473];
