numPerPatch162000 <- c(2480,2520)
