numPerPatch345500 <- c(2522,2478)
