numPerPatch190500 = [2468,2532];
