numPerPatch400500 <- c(2431,2569)
