numPerPatch160500 = [2461,2539];
