numPerPatch457000 <- c(2488,2512)
