numPerPatch388000 <- c(2487,2513)
