numPerPatch247000 = [2476,2524];
