numPerPatch204000 = [2541,2459];
