numPerPatch55000 <- c(2421,2579)
