numPerPatch485500 <- c(2508,2492)
