numPerPatch44000 = [2483,2517];
