numPerPatch438500 = [2452,2548];
