numPerPatch133500 <- c(2489,2511)
