numPerPatch76000 = [2514,2486];
