numPerPatch511000 = [2518,2482];
