numPerPatch353000 = [2496,2504];
