numPerPatch272500 = [2494,2506];
