numPerPatch546500 = [2471,2529];
