numPerPatch110500 <- c(2425,2575)
