numPerPatch174000 <- c(2489,2511)
