numPerPatch454000 = [2507,2493];
