numPerPatch538000 <- c(2520,2480)
