numPerPatch135500 = [2504,2496];
