numPerPatch222500 <- c(2396,2604)
