numPerPatch391000 = [2568,2432];
