numPerPatch173000 = [2541,2459];
