numPerPatch359500 = [2514,2486];
