numPerPatch521500 = [2551,2449];
