numPerPatch253000 <- c(2639,2361)
