numPerPatch1000 = [2505,2495];
