numPerPatch209500 = [2549,2451];
