numPerPatch212500 = [2471,2529];
