numPerPatch170000 = [2557,2443];
