numPerPatch5500 = [2565,2435];
