numPerPatch17500 <- c(2554,2446)
