numPerPatch42000 = [2532,2468];
