numPerPatch514500 = [2468,2532];
