numPerPatch551500 <- c(2504,2496)
