numPerPatch49500 = [2513,2487];
