numPerPatch88500 = [2503,2497];
