numPerPatch143000 <- c(2479,2521)
