numPerPatch348500 <- c(2567,2433)
