numPerPatch320500 = [2475,2525];
