numPerPatch399000 = [2575,2425];
