numPerPatch462500 <- c(2498,2502)
