numPerPatch375500 <- c(2446,2554)
