numPerPatch180000 <- c(2540,2460)
