numPerPatch374500 = [2512,2488];
