numPerPatch464000 = [2549,2451];
