numPerPatch23500 = [2451,2549];
