numPerPatch326500 = [2511,2489];
