numPerPatch553000 = [2567,2433];
