numPerPatch265000 = [2539,2461];
