numPerPatch235500 <- c(2513,2487)
