numPerPatch19000 = [2546,2454];
