numPerPatch91500 <- c(2511,2489)
