numPerPatch388000 = [2487,2513];
