numPerPatch164000 = [2495,2505];
