numPerPatch523500 = [2529,2471];
