numPerPatch433000 = [2496,2504];
