numPerPatch319000 = [2452,2548];
