numPerPatch468000 = [2470,2530];
