numPerPatch349500 = [2474,2526];
