numPerPatch450500 = [2533,2467];
