numPerPatch546000 = [2548,2452];
