numPerPatch257500 = [2493,2507];
