numPerPatch553500 = [2560,2440];
