numPerPatch376500 = [2450,2550];
