numPerPatch526000 = [2555,2445];
