numPerPatch96500 = [2509,2491];
