numPerPatch357000 = [2509,2491];
