numPerPatch386000 = [2420,2580];
