numPerPatch351000 <- c(2447,2553)
