numPerPatch277000 <- c(2503,2497)
