numPerPatch409500 = [2558,2442];
