numPerPatch398000 = [2502,2498];
