numPerPatch32500 = [2492,2508];
