numPerPatch220500 <- c(2541,2459)
