numPerPatch429500 = [2511,2489];
