numPerPatch356000 = [2461,2539];
