numPerPatch446500 = [2499,2501];
