numPerPatch281500 = [2505,2495];
