numPerPatch191000 = [2485,2515];
