numPerPatch523000 = [2431,2569];
