numPerPatch145500 = [2509,2491];
