numPerPatch447000 = [2545,2455];
