numPerPatch553500 <- c(2560,2440)
