numPerPatch136500 <- c(2566,2434)
