numPerPatch275500 <- c(2530,2470)
