numPerPatch333500 = [2496,2504];
