numPerPatch87000 = [2516,2484];
