numPerPatch338500 = [2544,2456];
