numPerPatch580000 <- c(2543,2457)
