numPerPatch387500 = [2462,2538];
