numPerPatch305500 = [2615,2385];
