numPerPatch213500 <- c(2518,2482)
