numPerPatch571500 <- c(2505,2495)
