numPerPatch97000 = [2472,2528];
