numPerPatch134000 = [2462,2538];
