numPerPatch180000 = [2540,2460];
