numPerPatch295500 = [2518,2482];
