numPerPatch232500 = [2540,2460];
