numPerPatch90500 = [2489,2511];
