numPerPatch379000 = [2504,2496];
