numPerPatch111500 <- c(2403,2597)
