numPerPatch148000 = [2455,2545];
