numPerPatch238500 <- c(2428,2572)
