numPerPatch533000 <- c(2525,2475)
