numPerPatch508000 = [2547,2453];
