numPerPatch100000 <- c(2554,2446)
