numPerPatch45000 <- c(2503,2497)
