numPerPatch328000 = [2519,2481];
