numPerPatch446000 = [2523,2477];
