numPerPatch13000 = [2550,2450];
