numPerPatch16500 = [2477,2523];
