numPerPatch149500 = [2521,2479];
