numPerPatch170500 <- c(2438,2562)
