numPerPatch123500 = [2540,2460];
