numPerPatch14000 <- c(2486,2514)
