numPerPatch428000 = [2458,2542];
