numPerPatch358500 <- c(2523,2477)
