numPerPatch220000 = [2464,2536];
