numPerPatch519000 <- c(2523,2477)
