numPerPatch313000 = [2506,2494];
