numPerPatch360000 = [2527,2473];
