numPerPatch537000 = [2458,2542];
