numPerPatch461000 <- c(2475,2525)
