numPerPatch319000 <- c(2452,2548)
