numPerPatch19000 <- c(2546,2454)
