numPerPatch453500 <- c(2454,2546)
