numPerPatch307500 <- c(2582,2418)
