numPerPatch54500 = [2480,2520];
