numPerPatch323000 <- c(2501,2499)
