numPerPatch9500 = [2534,2466];
