numPerPatch290500 <- c(2545,2455)
