numPerPatch31500 = [2497,2503];
