numPerPatch386500 <- c(2477,2523)
