numPerPatch524500 <- c(2523,2477)
