numPerPatch187500 <- c(2506,2494)
