numPerPatch574000 <- c(2453,2547)
