numPerPatch101500 <- c(2557,2443)
