numPerPatch88000 = [2518,2482];
