numPerPatch548000 = [2555,2445];
