numPerPatch155500 = [2428,2572];
