numPerPatch157500 <- c(2458,2542)
