numPerPatch42500 <- c(2491,2509)
