numPerPatch187500 = [2506,2494];
