numPerPatch292500 = [2508,2492];
