numPerPatch541000 <- c(2539,2461)
