numPerPatch281500 <- c(2505,2495)
