numPerPatch237000 <- c(2491,2509)
