numPerPatch32500 <- c(2492,2508)
