numPerPatch497500 = [2542,2458];
