numPerPatch106000 = [2518,2482];
