numPerPatch343000 = [2470,2530];
