numPerPatch421000 <- c(2493,2507)
