numPerPatch51000 = [2492,2508];
