numPerPatch311000 <- c(2490,2510)
