numPerPatch565000 = [2512,2488];
