numPerPatch1500 = [2513,2487];
