numPerPatch222500 = [2396,2604];
