numPerPatch123000 = [2455,2545];
