numPerPatch355500 = [2523,2477];
