numPerPatch425000 = [2478,2522];
