numPerPatch177500 = [2583,2417];
