numPerPatch568000 = [2525,2475];
