numPerPatch159500 = [2529,2471];
