numPerPatch494500 = [2475,2525];
