numPerPatch459500 <- c(2468,2532)
