numPerPatch357500 <- c(2473,2527)
