numPerPatch402500 = [2498,2502];
