numPerPatch258500 <- c(2441,2559)
