numPerPatch402000 <- c(2491,2509)
