numPerPatch334500 = [2544,2456];
