numPerPatch445500 = [2476,2524];
