numPerPatch186000 = [2523,2477];
