numPerPatch230500 <- c(2504,2496)
