numPerPatch388500 = [2537,2463];
