numPerPatch540000 <- c(2558,2442)
