numPerPatch224000 <- c(2498,2502)
