numPerPatch423000 = [2518,2482];
