numPerPatch358000 <- c(2526,2474)
