numPerPatch66500 = [2511,2489];
