numPerPatch167000 = [2546,2454];
