numPerPatch475500 = [2527,2473];
