numPerPatch198500 <- c(2512,2488)
