numPerPatch422500 = [2517,2483];
