numPerPatch26500 = [2505,2495];
