numPerPatch385000 = [2464,2536];
