numPerPatch430000 <- c(2440,2560)
