numPerPatch459500 = [2468,2532];
