numPerPatch580500 <- c(2509,2491)
