numPerPatch18500 <- c(2442,2558)
