numPerPatch550000 = [2522,2478];
