numPerPatch8500 = [2467,2533];
