numPerPatch417000 <- c(2475,2525)
