numPerPatch371000 = [2481,2519];
