numPerPatch230500 = [2504,2496];
