numPerPatch568500 <- c(2456,2544)
