numPerPatch465500 = [2471,2529];
