numPerPatch462500 = [2498,2502];
