numPerPatch405000 <- c(2576,2424)
