numPerPatch540500 <- c(2490,2510)
