numPerPatch60000 <- c(2469,2531)
