numPerPatch206000 = [2505,2495];
