numPerPatch481500 = [2466,2534];
