numPerPatch310500 <- c(2435,2565)
