numPerPatch398500 = [2529,2471];
