numPerPatch341000 = [2479,2521];
