numPerPatch549000 = [2471,2529];
