numPerPatch404000 <- c(2520,2480)
