numPerPatch86500 <- c(2469,2531)
