numPerPatch198500 = [2512,2488];
