numPerPatch420500 = [2513,2487];
