numPerPatch12000 = [2524,2476];
