numPerPatch161500 = [2536,2464];
