numPerPatch274000 = [2473,2527];
