numPerPatch539000 = [2427,2573];
