numPerPatch252500 = [2529,2471];
