numPerPatch419500 <- c(2437,2563)
