numPerPatch238500 = [2428,2572];
