numPerPatch269000 = [2481,2519];
