numPerPatch115500 <- c(2516,2484)
