numPerPatch147500 = [2571,2429];
