numPerPatch470000 = [2525,2475];
