numPerPatch391500 <- c(2432,2568)
