numPerPatch367000 = [2450,2550];
