numPerPatch39000 <- c(2542,2458)
