numPerPatch430500 <- c(2492,2508)
