numPerPatch241000 = [2421,2579];
