numPerPatch577500 = [2515,2485];
