numPerPatch551000 = [2527,2473];
