numPerPatch324500 = [2487,2513];
