numPerPatch396000 = [2454,2546];
