numPerPatch441000 = [2573,2427];
