numPerPatch302000 = [2529,2471];
