numPerPatch175500 = [2508,2492];
