numPerPatch111000 = [2555,2445];
