numPerPatch306500 <- c(2495,2505)
