numPerPatch382000 <- c(2478,2522)
