numPerPatch276000 = [2505,2495];
