numPerPatch36500 = [2523,2477];
