numPerPatch313500 = [2490,2510];
