numPerPatch226500 <- c(2503,2497)
