numPerPatch514500 <- c(2468,2532)
