numPerPatch184000 <- c(2444,2556)
