numPerPatch59500 <- c(2459,2541)
