numPerPatch405500 <- c(2536,2464)
