numPerPatch111000 <- c(2555,2445)
