numPerPatch510000 <- c(2475,2525)
