numPerPatch296000 = [2489,2511];
