numPerPatch529000 = [2455,2545];
