numPerPatch257500 <- c(2493,2507)
