numPerPatch284000 <- c(2528,2472)
