numPerPatch508500 <- c(2442,2558)
