numPerPatch489000 <- c(2475,2525)
