numPerPatch245500 = [2506,2494];
