numPerPatch504000 = [2543,2457];
