numPerPatch490000 = [2442,2558];
