numPerPatch50500 = [2486,2514];
