numPerPatch532000 = [2496,2504];
