numPerPatch132500 = [2558,2442];
