numPerPatch330000 <- c(2461,2539)
