numPerPatch134500 = [2487,2513];
