numPerPatch42000 <- c(2532,2468)
