numPerPatch255500 = [2439,2561];
