numPerPatch562000 = [2470,2530];
