numPerPatch373000 <- c(2581,2419)
