numPerPatch157500 = [2458,2542];
