numPerPatch404500 = [2483,2517];
