numPerPatch531500 = [2523,2477];
