numPerPatch412000 = [2533,2467];
