numPerPatch224000 = [2498,2502];
