numPerPatch334000 = [2488,2512];
