numPerPatch199500 = [2462,2538];
