numPerPatch20000 = [2545,2455];
