numPerPatch534500 = [2529,2471];
