numPerPatch226000 = [2431,2569];
