numPerPatch432500 = [2541,2459];
