numPerPatch278000 <- c(2526,2474)
