numPerPatch95000 = [2485,2515];
