numPerPatch202500 <- c(2492,2508)
