numPerPatch150000 = [2504,2496];
