numPerPatch583000 <- c(2559,2441)
