numPerPatch332000 = [2466,2534];
