numPerPatch51500 = [2492,2508];
