numPerPatch528000 = [2479,2521];
