numPerPatch473000 = [2508,2492];
