numPerPatch50000 = [2548,2452];
