numPerPatch298000 = [2523,2477];
