numPerPatch297000 <- c(2547,2453)
