numPerPatch242000 = [2518,2482];
