numPerPatch472500 = [2563,2437];
