numPerPatch141000 <- c(2484,2516)
