numPerPatch523500 <- c(2529,2471)
