numPerPatch509500 = [2493,2507];
