numPerPatch495500 <- c(2539,2461)
