numPerPatch368000 = [2537,2463];
