numPerPatch300500 = [2456,2544];
