numPerPatch43000 <- c(2523,2477)
