numPerPatch382500 = [2483,2517];
