numPerPatch480500 = [2499,2501];
