numPerPatch217000 <- c(2520,2480)
