numPerPatch413000 = [2457,2543];
