numPerPatch219500 = [2566,2434];
