numPerPatch52500 = [2456,2544];
