numPerPatch7500 = [2499,2501];
