numPerPatch372000 = [2492,2508];
