numPerPatch494500 <- c(2475,2525)
