numPerPatch580500 = [2509,2491];
