numPerPatch342000 = [2474,2526];
