numPerPatch248000 = [2531,2469];
