numPerPatch35500 <- c(2548,2452)
