numPerPatch108000 <- c(2417,2583)
