numPerPatch131500 = [2458,2542];
