numPerPatch247500 = [2511,2489];
