numPerPatch135500 <- c(2504,2496)
