numPerPatch291500 = [2442,2558];
