numPerPatch262500 = [2537,2463];
