numPerPatch102500 <- c(2551,2449)
