numPerPatch468500 <- c(2450,2550)
