numPerPatch335500 <- c(2469,2531)
