numPerPatch208500 = [2530,2470];
