numPerPatch240000 = [2480,2520];
