numPerPatch250000 = [2517,2483];
