numPerPatch370000 = [2531,2469];
