numPerPatch70000 = [2491,2509];
