numPerPatch453000 <- c(2541,2459)
