numPerPatch268000 <- c(2442,2558)
