numPerPatch4500 = [2526,2474];
