numPerPatch98500 = [2503,2497];
