numPerPatch375000 = [2519,2481];
