numPerPatch116500 <- c(2543,2457)
