numPerPatch182000 = [2479,2521];
