numPerPatch30500 = [2533,2467];
