numPerPatch143500 <- c(2503,2497)
