numPerPatch213000 <- c(2526,2474)
