numPerPatch416500 = [2456,2544];
