numPerPatch74500 = [2498,2502];
