numPerPatch176000 <- c(2404,2596)
