numPerPatch291500 <- c(2442,2558)
