numPerPatch407500 = [2503,2497];
