numPerPatch10000 <- c(2537,2463)
