numPerPatch244500 <- c(2459,2541)
