numPerPatch486000 = [2459,2541];
