numPerPatch455000 = [2504,2496];
