numPerPatch389500 = [2517,2483];
