numPerPatch61000 = [2544,2456];
