numPerPatch183000 = [2534,2466];
