numPerPatch429000 <- c(2548,2452)
