numPerPatch351000 = [2447,2553];
