numPerPatch11500 = [2527,2473];
