numPerPatch578000 = [2546,2454];
