numPerPatch564500 = [2456,2544];
