numPerPatch243000 <- c(2553,2447)
