numPerPatch155000 = [2486,2514];
