numPerPatch231500 = [2480,2520];
