numPerPatch332500 = [2553,2447];
