numPerPatch427500 = [2447,2553];
