numPerPatch303500 <- c(2560,2440)
