numPerPatch219000 = [2451,2549];
