numPerPatch44500 <- c(2436,2564)
