numPerPatch383000 = [2454,2546];
