numPerPatch493000 = [2470,2530];
