numPerPatch50500 <- c(2486,2514)
