numPerPatch525000 <- c(2552,2448)
