numPerPatch169000 = [2465,2535];
