numPerPatch139000 = [2543,2457];
