numPerPatch152000 = [2486,2514];
