numPerPatch555000 = [2514,2486];
