numPerPatch201000 <- c(2447,2553)
