numPerPatch356500 = [2501,2499];
