numPerPatch271500 = [2516,2484];
