numPerPatch271000 = [2529,2471];
