numPerPatch188500 <- c(2438,2562)
