numPerPatch49000 <- c(2511,2489)
