numPerPatch199000 = [2519,2481];
