numPerPatch184500 = [2550,2450];
