numPerPatch282000 <- c(2516,2484)
