numPerPatch203000 = [2541,2459];
