numPerPatch31000 = [2514,2486];
