numPerPatch24000 = [2555,2445];
