numPerPatch443000 = [2522,2478];
