numPerPatch426500 = [2475,2525];
