numPerPatch324500 <- c(2487,2513)
