numPerPatch489500 <- c(2470,2530)
