numPerPatch122500 = [2512,2488];
