numPerPatch107000 = [2523,2477];
