numPerPatch506000 = [2486,2514];
