numPerPatch547500 = [2464,2536];
