numPerPatch299000 <- c(2483,2517)
