numPerPatch133500 = [2489,2511];
