numPerPatch450000 <- c(2426,2574)
