numPerPatch39500 <- c(2520,2480)
