numPerPatch42500 = [2491,2509];
