numPerPatch240500 = [2489,2511];
