numPerPatch245000 <- c(2489,2511)
