numPerPatch253000 = [2639,2361];
