numPerPatch371500 = [2518,2482];
