numPerPatch77500 = [2509,2491];
