numPerPatch208500 <- c(2530,2470)
