numPerPatch491000 = [2492,2508];
