numPerPatch104000 <- c(2463,2537)
