numPerPatch542500 = [2517,2483];
