numPerPatch552500 = [2436,2564];
