numPerPatch77000 <- c(2517,2483)
