numPerPatch183000 <- c(2534,2466)
