numPerPatch99500 = [2499,2501];
