numPerPatch80500 = [2495,2505];
