numPerPatch367500 <- c(2542,2458)
