numPerPatch411500 = [2534,2466];
