numPerPatch118000 = [2530,2470];
