numPerPatch438500 <- c(2452,2548)
