numPerPatch323500 = [2506,2494];
