numPerPatch437000 = [2489,2511];
