numPerPatch418000 <- c(2521,2479)
