numPerPatch390500 = [2557,2443];
