numPerPatch531000 <- c(2505,2495)
