numPerPatch400000 <- c(2496,2504)
