numPerPatch99000 = [2495,2505];
