numPerPatch228000 = [2530,2470];
