numPerPatch493000 <- c(2470,2530)
