numPerPatch485500 = [2508,2492];
