numPerPatch109000 = [2523,2477];
