numPerPatch557000 <- c(2448,2552)
