numPerPatch470500 = [2551,2449];
