numPerPatch377500 <- c(2418,2582)
