numPerPatch322500 = [2488,2512];
