numPerPatch535500 <- c(2573,2427)
