numPerPatch533000 = [2525,2475];
