numPerPatch25500 = [2455,2545];
