numPerPatch211000 <- c(2465,2535)
