numPerPatch176000 = [2404,2596];
