numPerPatch3000 = [2530,2470];
