numPerPatch54000 = [2430,2570];
