numPerPatch65000 <- c(2420,2580)
