numPerPatch307000 = [2524,2476];
