numPerPatch251500 = [2465,2535];
