numPerPatch422500 <- c(2517,2483)
