numPerPatch496000 <- c(2583,2417)
