numPerPatch571000 <- c(2444,2556)
