numPerPatch535000 <- c(2466,2534)
