numPerPatch432000 = [2469,2531];
