numPerPatch218000 = [2498,2502];
