numPerPatch515500 <- c(2564,2436)
