numPerPatch49000 = [2511,2489];
