numPerPatch156500 = [2523,2477];
