numPerPatch384000 = [2542,2458];
