numPerPatch198000 = [2534,2466];
