numPerPatch492000 <- c(2548,2452)
