numPerPatch151500 <- c(2486,2514)
