numPerPatch251000 = [2474,2526];
