numPerPatch511500 = [2483,2517];
