numPerPatch305000 <- c(2534,2466)
