numPerPatch166000 = [2501,2499];
