numPerPatch513500 = [2525,2475];
