numPerPatch135000 = [2548,2452];
