numPerPatch131000 = [2519,2481];
