numPerPatch158500 <- c(2495,2505)
