numPerPatch430500 = [2492,2508];
