numPerPatch279000 = [2501,2499];
