numPerPatch246500 = [2487,2513];
