numPerPatch401000 <- c(2506,2494)
