numPerPatch136500 = [2566,2434];
