numPerPatch98000 = [2480,2520];
