numPerPatch229000 = [2495,2505];
