numPerPatch424000 = [2480,2520];
