numPerPatch294000 = [2543,2457];
