numPerPatch229500 = [2565,2435];
