numPerPatch329500 = [2558,2442];
