numPerPatch68000 = [2516,2484];
