numPerPatch426000 <- c(2462,2538)
