numPerPatch59000 = [2454,2546];
