numPerPatch210500 = [2449,2551];
