numPerPatch501000 <- c(2433,2567)
