numPerPatch267500 <- c(2478,2522)
