numPerPatch265500 = [2485,2515];
