numPerPatch125000 = [2469,2531];
