numPerPatch278500 = [2491,2509];
