numPerPatch411000 = [2534,2466];
