numPerPatch336000 = [2532,2468];
