numPerPatch339000 <- c(2497,2503)
