numPerPatch524000 = [2534,2466];
