numPerPatch105000 = [2520,2480];
