numPerPatch427500 <- c(2447,2553)
