numPerPatch29500 = [2520,2480];
