numPerPatch275000 = [2462,2538];
