numPerPatch25000 <- c(2517,2483)
