numPerPatch470000 <- c(2525,2475)
