numPerPatch121000 = [2529,2471];
