numPerPatch582000 <- c(2474,2526)
