numPerPatch45500 <- c(2491,2509)
