numPerPatch115000 = [2512,2488];
