numPerPatch261500 = [2459,2541];
