numPerPatch270500 = [2481,2519];
