numPerPatch345000 = [2475,2525];
