numPerPatch265500 <- c(2485,2515)
