numPerPatch551000 <- c(2527,2473)
