numPerPatch145000 = [2462,2538];
