numPerPatch233000 <- c(2528,2472)
