numPerPatch420000 <- c(2474,2526)
