numPerPatch236000 = [2508,2492];
