numPerPatch186500 <- c(2465,2535)
