numPerPatch132500 <- c(2558,2442)
