numPerPatch236500 <- c(2472,2528)
