numPerPatch544000 <- c(2606,2394)
