numPerPatch5500 <- c(2565,2435)
