numPerPatch150500 = [2499,2501];
