numPerPatch154500 = [2522,2478];
