numPerPatch194500 = [2514,2486];
