numPerPatch59500 = [2459,2541];
