numPerPatch520000 <- c(2492,2508)
