numPerPatch460500 = [2482,2518];
