numPerPatch483500 = [2465,2535];
