numPerPatch193000 = [2506,2494];
