numPerPatch501000 = [2433,2567];
