numPerPatch167500 = [2520,2480];
