numPerPatch500 = [2507,2493];
