numPerPatch468500 = [2450,2550];
