numPerPatch439500 = [2468,2532];
