numPerPatch564000 <- c(2485,2515)
