numPerPatch274500 <- c(2425,2575)
