numPerPatch257000 <- c(2446,2554)
