numPerPatch155500 <- c(2428,2572)
