numPerPatch225000 = [2526,2474];
