numPerPatch22500 = [2528,2472];
