numPerPatch271000 <- c(2529,2471)
