numPerPatch415500 <- c(2474,2526)
