numPerPatch22000 = [2498,2502];
