numPerPatch74000 = [2502,2498];
