numPerPatch185500 <- c(2496,2504)
