numPerPatch81000 = [2480,2520];
