numPerPatch81500 <- c(2496,2504)
