numPerPatch278000 = [2526,2474];
