numPerPatch543000 = [2498,2502];
