numPerPatch179500 = [2461,2539];
