numPerPatch234500 <- c(2449,2551)
