numPerPatch443500 = [2495,2505];
