numPerPatch234000 = [2525,2475];
