numPerPatch256000 <- c(2538,2462)
