numPerPatch38500 = [2521,2479];
