numPerPatch274500 = [2425,2575];
