numPerPatch453000 = [2541,2459];
