numPerPatch241500 = [2494,2506];
