numPerPatch324000 = [2446,2554];
