numPerPatch481000 <- c(2467,2533)
