numPerPatch27500 <- c(2514,2486)
