numPerPatch207000 = [2480,2520];
