numPerPatch458000 <- c(2457,2543)
