numPerPatch33000 <- c(2468,2532)
