numPerPatch236500 = [2472,2528];
