numPerPatch369000 = [2467,2533];
