numPerPatch37000 = [2535,2465];
