numPerPatch101000 <- c(2473,2527)
