numPerPatch106000 <- c(2518,2482)
