numPerPatch366500 = [2467,2533];
