numPerPatch254000 = [2497,2503];
