numPerPatch226500 = [2503,2497];
