numPerPatch103500 <- c(2515,2485)
