numPerPatch496000 = [2583,2417];
