numPerPatch185000 <- c(2575,2425)
