numPerPatch170500 = [2438,2562];
