numPerPatch535500 = [2573,2427];
