numPerPatch308000 <- c(2566,2434)
