numPerPatch435500 <- c(2464,2536)
