numPerPatch495000 = [2498,2502];
