numPerPatch574500 = [2550,2450];
