numPerPatch138000 <- c(2522,2478)
