numPerPatch331500 = [2563,2437];
