numPerPatch296500 = [2460,2540];
