numPerPatch377000 <- c(2487,2513)
