numPerPatch438000 = [2543,2457];
