numPerPatch161500 <- c(2536,2464)
