numPerPatch270500 <- c(2481,2519)
