numPerPatch521000 = [2525,2475];
