numPerPatch407000 = [2449,2551];
