numPerPatch34000 = [2584,2416];
