numPerPatch260000 = [2560,2440];
