numPerPatch231000 = [2469,2531];
