numPerPatch202500 = [2492,2508];
