numPerPatch467500 = [2559,2441];
