numPerPatch397500 = [2460,2540];
