numPerPatch539500 = [2433,2567];
