numPerPatch32000 <- c(2512,2488)
