numPerPatch358500 = [2523,2477];
