numPerPatch469500 = [2453,2547];
