numPerPatch533500 = [2497,2503];
