numPerPatch393000 <- c(2514,2486)
