numPerPatch48000 = [2485,2515];
