numPerPatch253500 = [2469,2531];
