numPerPatch202000 = [2457,2543];
