numPerPatch461000 = [2475,2525];
