numPerPatch189500 <- c(2488,2512)
