numPerPatch228000 <- c(2530,2470)
