numPerPatch336500 <- c(2479,2521)
