numPerPatch48000 <- c(2485,2515)
