numPerPatch374500 <- c(2512,2488)
