numPerPatch220500 = [2541,2459];
