numPerPatch446500 <- c(2499,2501)
