numPerPatch417000 = [2475,2525];
