numPerPatch567500 = [2478,2522];
