numPerPatch33500 <- c(2501,2499)
