numPerPatch294500 = [2477,2523];
