numPerPatch522000 <- c(2557,2443)
