numPerPatch459000 = [2525,2475];
