numPerPatch14500 = [2564,2436];
