numPerPatch431000 = [2404,2596];
