numPerPatch315000 = [2561,2439];
