numPerPatch338000 = [2485,2515];
