numPerPatch171500 = [2525,2475];
