numPerPatch392000 = [2468,2532];
