numPerPatch573000 <- c(2473,2527)
