numPerPatch557500 = [2496,2504];
