numPerPatch252000 = [2474,2526];
