numPerPatch464500 = [2431,2569];
