numPerPatch96500 <- c(2509,2491)
