numPerPatch205500 = [2441,2559];
