numPerPatch96000 = [2540,2460];
