numPerPatch505500 <- c(2437,2563)
