numPerPatch575000 = [2540,2460];
