numPerPatch315500 = [2510,2490];
