numPerPatch163000 <- c(2533,2467)
