numPerPatch512500 = [2517,2483];
