numPerPatch328500 = [2548,2452];
