numPerPatch299500 = [2549,2451];
