numPerPatch216000 <- c(2558,2442)
