numPerPatch562500 <- c(2480,2520)
