numPerPatch448000 = [2457,2543];
