numPerPatch213000 = [2526,2474];
