numPerPatch57500 = [2566,2434];
