numPerPatch79000 <- c(2557,2443)
