numPerPatch457000 = [2488,2512];
