numPerPatch255000 = [2451,2549];
