numPerPatch65500 = [2513,2487];
