numPerPatch353500 <- c(2460,2540)
