numPerPatch562500 = [2480,2520];
