numPerPatch266500 = [2531,2469];
