numPerPatch244000 = [2454,2546];
