numPerPatch122000 = [2537,2463];
