numPerPatch445000 = [2429,2571];
