numPerPatch5000 = [2483,2517];
