numPerPatch414500 = [2464,2536];
