numPerPatch83000 = [2464,2536];
