numPerPatch139500 = [2490,2510];
