numPerPatch94500 = [2467,2533];
