numPerPatch412500 = [2481,2519];
