numPerPatch83500 <- c(2524,2476)
