numPerPatch392000 <- c(2468,2532)
