numPerPatch260500 = [2543,2457];
