numPerPatch517500 = [2455,2545];
