numPerPatch280500 <- c(2516,2484)
