numPerPatch115500 = [2516,2484];
