numPerPatch339000 = [2497,2503];
