numPerPatch46000 = [2546,2454];
