numPerPatch524000 <- c(2534,2466)
