numPerPatch526500 = [2454,2546];
