numPerPatch122000 <- c(2537,2463)
