numPerPatch247500 <- c(2511,2489)
