numPerPatch336000 <- c(2532,2468)
