numPerPatch205000 = [2495,2505];
