numPerPatch153500 = [2457,2543];
