numPerPatch114000 = [2446,2554];
