numPerPatch131500 <- c(2458,2542)
