numPerPatch121500 <- c(2426,2574)
