numPerPatch565500 = [2530,2470];
