numPerPatch378000 = [2389,2611];
