numPerPatch504500 = [2513,2487];
