numPerPatch428500 <- c(2463,2537)
