numPerPatch405500 = [2536,2464];
