numPerPatch274000 <- c(2473,2527)
