numPerPatch243500 <- c(2450,2550)
