numPerPatch340500 = [2531,2469];
