numPerPatch414500 <- c(2464,2536)
