numPerPatch247000 <- c(2476,2524)
