numPerPatch538500 = [2506,2494];
