numPerPatch286000 = [2532,2468];
