numPerPatch498500 <- c(2541,2459)
