numPerPatch439000 = [2505,2495];
