numPerPatch381000 = [2508,2492];
