numPerPatch389000 = [2434,2566];
