numPerPatch377000 = [2487,2513];
