numPerPatch199000 <- c(2519,2481)
