numPerPatch549000 <- c(2471,2529)
