numPerPatch55500 <- c(2445,2555)
