numPerPatch9500 <- c(2534,2466)
