numPerPatch165000 = [2491,2509];
