numPerPatch205500 <- c(2441,2559)
