numPerPatch286500 <- c(2508,2492)
