numPerPatch121000 <- c(2529,2471)
