numPerPatch470500 <- c(2551,2449)
