numPerPatch102000 = [2590,2410];
