numPerPatch242000 <- c(2518,2482)
