numPerPatch336500 = [2479,2521];
