numPerPatch3500 = [2498,2502];
