numPerPatch309000 = [2562,2438];
