numPerPatch162500 = [2461,2539];
