numPerPatch579000 = [2511,2489];
