numPerPatch266000 = [2526,2474];
