numPerPatch488500 = [2474,2526];
