numPerPatch340000 <- c(2454,2546)
