numPerPatch434000 = [2471,2529];
