numPerPatch431500 = [2532,2468];
