numPerPatch512000 = [2474,2526];
