numPerPatch392500 = [2510,2490];
