numPerPatch19500 <- c(2517,2483)
