numPerPatch154000 <- c(2533,2467)
