numPerPatch570000 = [2508,2492];
