numPerPatch423500 = [2506,2494];
