numPerPatch311000 = [2490,2510];
