numPerPatch237500 = [2450,2550];
