numPerPatch40500 = [2544,2456];
