numPerPatch507500 <- c(2564,2436)
