numPerPatch110000 = [2511,2489];
