numPerPatch262000 <- c(2496,2504)
