numPerPatch387500 <- c(2462,2538)
