numPerPatch429000 = [2548,2452];
