numPerPatch445000 <- c(2429,2571)
