numPerPatch103000 <- c(2397,2603)
