numPerPatch444000 <- c(2508,2492)
