numPerPatch291000 = [2489,2511];
