numPerPatch456000 <- c(2492,2508)
