numPerPatch481000 = [2467,2533];
