numPerPatch159000 = [2497,2503];
