numPerPatch25000 = [2517,2483];
