numPerPatch14276 <- c(2467,2533)
