numPerPatch7224 <- c(2498,2502)
