numPerPatch57792 = [2492,2508];
