numPerPatch25800 = [2507,2493];
