numPerPatch4988 <- c(2537,2463)
