numPerPatch52116 = [2442,2558];
