numPerPatch75680 <- c(2506,2494)
