numPerPatch75336 <- c(2524,2476)
