numPerPatch45924 = [2463,2537];
