numPerPatch5160 <- c(2504,2496)
