numPerPatch52804 <- c(2485,2515)
