numPerPatch35604 <- c(2525,2475)
