numPerPatch15308 = [2454,2546];
