numPerPatch35776 <- c(2474,2526)
