numPerPatch13760 = [2579,2421];
