numPerPatch49708 = [2559,2441];
