numPerPatch12040 <- c(2523,2477)
