numPerPatch14964 <- c(2421,2579)
