numPerPatch19436 <- c(2536,2464)
