numPerPatch47988 <- c(2501,2499)
