numPerPatch30960 = [2471,2529];
