numPerPatch46096 = [2528,2472];
