numPerPatch2752 = [2506,2494];
