numPerPatch31476 <- c(2491,2509)
