numPerPatch50740 <- c(2475,2525)
