numPerPatch1032 = [2470,2530];
