numPerPatch26832 <- c(2517,2483)
