numPerPatch50052 <- c(2447,2553)
