numPerPatch6536 = [2541,2459];
