numPerPatch14620 <- c(2514,2486)
