numPerPatch56244 <- c(2538,2462)
