numPerPatch37496 <- c(2470,2530)
