numPerPatch69832 = [2476,2524];
