numPerPatch52460 <- c(2461,2539)
