numPerPatch43000 <- c(2502,2498)
