numPerPatch59168 = [2480,2520];
