numPerPatch46268 <- c(2495,2505)
