numPerPatch70176 <- c(2506,2494)
