numPerPatch59856 <- c(2508,2492)
