numPerPatch30100 = [2449,2551];
