numPerPatch14276 = [2467,2533];
