numPerPatch52632 <- c(2481,2519)
