numPerPatch59168 <- c(2480,2520)
