numPerPatch63984 = [2476,2524];
