numPerPatch61748 = [2527,2473];
