numPerPatch22704 = [2555,2445];
