numPerPatch30960 <- c(2471,2529)
