numPerPatch29584 <- c(2483,2517)
