numPerPatch57964 = [2488,2512];
