numPerPatch52632 = [2481,2519];
