numPerPatch40936 = [2514,2486];
