numPerPatch71724 = [2447,2553];
