numPerPatch11180 <- c(2503,2497)
