numPerPatch33540 <- c(2537,2463)
