numPerPatch38700 <- c(2490,2510)
