numPerPatch23564 = [2525,2475];
