numPerPatch50224 <- c(2511,2489)
