numPerPatch8944 <- c(2471,2529)
