numPerPatch7740 = [2496,2504];
