numPerPatch55728 <- c(2455,2545)
