numPerPatch11696 <- c(2498,2502)
