numPerPatch35948 <- c(2460,2540)
