numPerPatch61232 = [2571,2429];
