numPerPatch27864 = [2526,2474];
