numPerPatch43516 = [2516,2484];
