numPerPatch37152 = [2512,2488];
