numPerPatch36980 <- c(2479,2521)
