numPerPatch34916 = [2476,2524];
