numPerPatch11008 <- c(2513,2487)
