numPerPatch51428 = [2578,2422];
