numPerPatch74820 = [2532,2468];
