numPerPatch72584 = [2499,2501];
