numPerPatch66220 = [2492,2508];
