numPerPatch9804 = [2494,2506];
