numPerPatch54008 = [2458,2542];
