numPerPatch52976 = [2471,2529];
