numPerPatch42828 <- c(2496,2504)
