numPerPatch37496 = [2470,2530];
