numPerPatch3956 <- c(2479,2521)
