numPerPatch47472 <- c(2458,2542)
