numPerPatch28552 = [2476,2524];
