numPerPatch26144 <- c(2529,2471)
