numPerPatch69144 <- c(2525,2475)
