numPerPatch26660 <- c(2445,2555)
