numPerPatch46784 = [2488,2512];
