numPerPatch34572 <- c(2431,2569)
