numPerPatch31820 = [2441,2559];
