numPerPatch40764 <- c(2558,2442)
