numPerPatch14792 <- c(2432,2568)
