numPerPatch11352 <- c(2507,2493)
