numPerPatch5848 <- c(2498,2502)
