numPerPatch24768 = [2468,2532];
