numPerPatch10492 = [2535,2465];
