numPerPatch65704 <- c(2482,2518)
