numPerPatch57276 <- c(2461,2539)
