numPerPatch40420 = [2509,2491];
