numPerPatch26488 <- c(2501,2499)
