numPerPatch24596 <- c(2443,2557)
