numPerPatch25112 <- c(2519,2481)
