numPerPatch74992 = [2560,2440];
