numPerPatch73444 <- c(2474,2526)
