numPerPatch17888 = [2503,2497];
