numPerPatch4128 <- c(2464,2536)
