numPerPatch65704 = [2482,2518];
