numPerPatch50568 <- c(2514,2486)
