numPerPatch34228 = [2499,2501];
