numPerPatch29068 <- c(2443,2557)
