numPerPatch46096 <- c(2528,2472)
