numPerPatch21672 <- c(2451,2549)
