numPerPatch74820 <- c(2532,2468)
