numPerPatch68456 = [2449,2551];
