numPerPatch18920 = [2476,2524];
