numPerPatch41968 <- c(2476,2524)
