numPerPatch56760 = [2449,2551];
