numPerPatch35088 = [2503,2497];
