numPerPatch64672 = [2596,2404];
