numPerPatch12212 = [2561,2439];
