numPerPatch36808 = [2460,2540];
