numPerPatch69832 <- c(2476,2524)
