numPerPatch62780 <- c(2493,2507)
