numPerPatch75336 = [2524,2476];
