numPerPatch12900 = [2548,2452];
