numPerPatch59684 = [2463,2537];
