numPerPatch67596 <- c(2584,2416)
