numPerPatch51600 = [2495,2505];
