numPerPatch61576 <- c(2553,2447)
