numPerPatch2924 = [2460,2540];
