numPerPatch41968 = [2476,2524];
