numPerPatch27520 <- c(2507,2493)
