numPerPatch17372 = [2554,2446];
