numPerPatch15652 = [2483,2517];
