numPerPatch68456 <- c(2449,2551)
