numPerPatch55900 = [2421,2579];
