numPerPatch54868 <- c(2426,2574)
