numPerPatch60200 = [2482,2518];
