numPerPatch16684 = [2486,2514];
