numPerPatch64328 = [2456,2544];
