numPerPatch44892 <- c(2530,2470)
