numPerPatch70348 = [2526,2474];
