numPerPatch17372 <- c(2554,2446)
