numPerPatch45236 = [2565,2435];
