numPerPatch24768 <- c(2468,2532)
