numPerPatch72068 = [2440,2560];
