numPerPatch48504 = [2490,2510];
