numPerPatch34916 <- c(2476,2524)
