numPerPatch70004 <- c(2503,2497)
