numPerPatch37324 = [2452,2548];
