numPerPatch75508 <- c(2526,2474)
