numPerPatch30788 <- c(2489,2511)
