numPerPatch6364 <- c(2435,2565)
