numPerPatch50052 = [2447,2553];
