numPerPatch7912 = [2490,2510];
