numPerPatch34228 <- c(2499,2501)
