numPerPatch61748 <- c(2527,2473)
