numPerPatch23736 <- c(2476,2524)
