numPerPatch17028 = [2508,2492];
