numPerPatch2236 <- c(2505,2495)
