numPerPatch71036 = [2512,2488];
