numPerPatch23048 = [2518,2482];
