numPerPatch16340 <- c(2484,2516)
