numPerPatch18576 = [2492,2508];
