numPerPatch45752 = [2484,2516];
