numPerPatch13588 <- c(2501,2499)
