numPerPatch7568 <- c(2506,2494)
