numPerPatch19436 = [2536,2464];
