numPerPatch56588 = [2490,2510];
