numPerPatch44892 = [2530,2470];
