numPerPatch65532 = [2513,2487];
