numPerPatch44548 <- c(2483,2517)
