numPerPatch42484 <- c(2558,2442)
