numPerPatch36464 <- c(2512,2488)
