numPerPatch50396 <- c(2531,2469)
