numPerPatch30444 <- c(2445,2555)
