numPerPatch688 = [2559,2441];
