numPerPatch22876 = [2515,2485];
