numPerPatch54696 <- c(2569,2431)
