numPerPatch11524 <- c(2513,2487)
