numPerPatch58480 = [2530,2470];
