numPerPatch47472 = [2458,2542];
