numPerPatch52288 <- c(2506,2494)
