numPerPatch36636 = [2525,2475];
