numPerPatch39388 <- c(2492,2508)
