numPerPatch57964 <- c(2488,2512)
