numPerPatch62608 <- c(2574,2426)
