numPerPatch7568 = [2506,2494];
