numPerPatch61232 <- c(2571,2429)
