numPerPatch10664 = [2509,2491];
