numPerPatch55556 <- c(2547,2453)
