numPerPatch43172 <- c(2501,2499)
