numPerPatch19952 <- c(2459,2541)
