numPerPatch31476 = [2491,2509];
