numPerPatch24080 = [2508,2492];
