numPerPatch42656 <- c(2506,2494)
