numPerPatch70692 <- c(2462,2538)
