numPerPatch28896 = [2525,2475];
