numPerPatch27692 = [2495,2505];
