numPerPatch69660 = [2498,2502];
