numPerPatch12728 <- c(2491,2509)
