numPerPatch71208 <- c(2464,2536)
