numPerPatch41452 <- c(2473,2527)
