numPerPatch64156 = [2467,2533];
