numPerPatch26832 = [2517,2483];
