numPerPatch42656 = [2506,2494];
