numPerPatch72412 = [2493,2507];
