numPerPatch69316 <- c(2495,2505)
