numPerPatch64500 <- c(2479,2521)
