numPerPatch72584 <- c(2499,2501)
