numPerPatch51084 = [2541,2459];
