numPerPatch40592 = [2536,2464];
