numPerPatch58996 = [2475,2525];
