numPerPatch68284 = [2532,2468];
