numPerPatch20640 = [2533,2467];
