numPerPatch65876 = [2495,2505];
