numPerPatch22016 = [2523,2477];
