numPerPatch55384 = [2508,2492];
