numPerPatch17716 = [2585,2415];
