numPerPatch40420 <- c(2509,2491)
