numPerPatch21844 <- c(2526,2474)
