numPerPatch51600 <- c(2495,2505)
