numPerPatch28208 <- c(2507,2493)
