numPerPatch43344 = [2546,2454];
