numPerPatch2064 <- c(2576,2424)
