numPerPatch17200 <- c(2474,2526)
