numPerPatch8944 = [2471,2529];
