numPerPatch73100 = [2513,2487];
