numPerPatch13588 = [2501,2499];
