numPerPatch74304 <- c(2491,2509)
