numPerPatch74132 = [2440,2560];
