numPerPatch29584 = [2483,2517];
