numPerPatch42140 = [2483,2517];
