numPerPatch11180 = [2503,2497];
