numPerPatch56932 = [2514,2486];
