numPerPatch39044 <- c(2524,2476)
