numPerPatch40592 <- c(2536,2464)
