numPerPatch4644 <- c(2503,2497)
