numPerPatch8256 <- c(2462,2538)
