numPerPatch39732 <- c(2494,2506)
