numPerPatch47644 = [2558,2442];
