numPerPatch45064 <- c(2490,2510)
