numPerPatch60028 <- c(2480,2520)
