numPerPatch34056 = [2499,2501];
