numPerPatch6880 = [2495,2505];
