numPerPatch67940 = [2466,2534];
