numPerPatch46784 <- c(2488,2512)
