numPerPatch65876 <- c(2495,2505)
