numPerPatch3268 = [2551,2449];
