numPerPatch45752 <- c(2484,2516)
