numPerPatch65188 <- c(2487,2513)
