numPerPatch73616 <- c(2506,2494)
