numPerPatch38872 = [2557,2443];
