numPerPatch2580 = [2467,2533];
