numPerPatch35432 <- c(2524,2476)
