numPerPatch32508 <- c(2527,2473)
