numPerPatch56416 <- c(2542,2458)
