numPerPatch25628 = [2506,2494];
