numPerPatch47128 = [2529,2471];
