numPerPatch63468 = [2448,2552];
