numPerPatch68800 <- c(2519,2481)
