numPerPatch32164 = [2495,2505];
