numPerPatch11868 <- c(2498,2502)
