numPerPatch31992 <- c(2471,2529)
