numPerPatch28036 <- c(2526,2474)
