numPerPatch42484 = [2558,2442];
