numPerPatch66736 = [2556,2444];
