numPerPatch49020 <- c(2490,2510)
