numPerPatch20468 <- c(2435,2565)
