numPerPatch34744 <- c(2499,2501)
