numPerPatch47300 = [2477,2523];
