numPerPatch1032 <- c(2470,2530)
