numPerPatch8772 = [2464,2536];
