numPerPatch66048 <- c(2511,2489)
