numPerPatch38184 <- c(2482,2518)
