numPerPatch32164 <- c(2495,2505)
