numPerPatch15824 = [2507,2493];
