numPerPatch62264 <- c(2518,2482)
