numPerPatch8428 = [2480,2520];
