numPerPatch54868 = [2426,2574];
