numPerPatch1720 = [2501,2499];
