numPerPatch19608 = [2500,2500];
