numPerPatch75164 = [2449,2551];
