numPerPatch29240 = [2516,2484];
