numPerPatch75508 = [2526,2474];
