numPerPatch8084 = [2546,2454];
