numPerPatch33024 = [2450,2550];
