numPerPatch7396 = [2510,2490];
