numPerPatch12728 = [2491,2509];
