numPerPatch18748 = [2534,2466];
