numPerPatch29240 <- c(2516,2484)
