numPerPatch51772 <- c(2516,2484)
