numPerPatch50912 <- c(2548,2452)
