numPerPatch70176 = [2506,2494];
