numPerPatch38356 <- c(2489,2511)
