numPerPatch51084 <- c(2541,2459)
