numPerPatch22532 = [2492,2508];
