numPerPatch21156 = [2482,2518];
