numPerPatch75852 = [2457,2543];
