numPerPatch68112 <- c(2474,2526)
