numPerPatch44032 <- c(2494,2506)
