numPerPatch53836 = [2500,2500];
