numPerPatch71896 = [2515,2485];
