numPerPatch72928 <- c(2524,2476)
