numPerPatch68628 <- c(2494,2506)
