numPerPatch45924 <- c(2463,2537)
