numPerPatch70864 = [2462,2538];
