numPerPatch49020 = [2490,2510];
