numPerPatch70520 = [2459,2541];
