numPerPatch50912 = [2548,2452];
