numPerPatch17716 <- c(2585,2415)
