numPerPatch3096 = [2496,2504];
