numPerPatch20984 = [2523,2477];
