numPerPatch31648 <- c(2442,2558)
