numPerPatch15480 <- c(2503,2497)
