numPerPatch27348 = [2489,2511];
