numPerPatch66908 <- c(2524,2476)
