numPerPatch5160 = [2504,2496];
