numPerPatch8256 = [2462,2538];
