numPerPatch58652 <- c(2497,2503)
