numPerPatch62092 <- c(2546,2454)
