numPerPatch66564 <- c(2486,2514)
