numPerPatch8428 <- c(2480,2520)
