numPerPatch66392 <- c(2527,2473)
