numPerPatch64844 = [2414,2586];
