numPerPatch25972 <- c(2537,2463)
