numPerPatch3784 <- c(2501,2499)
