numPerPatch61920 <- c(2526,2474)
