numPerPatch58652 = [2497,2503];
