numPerPatch6536 <- c(2541,2459)
