numPerPatch64156 <- c(2467,2533)
