numPerPatch28208 = [2507,2493];
