numPerPatch39732 = [2494,2506];
