numPerPatch60716 <- c(2461,2539)
