numPerPatch37668 <- c(2504,2496)
