numPerPatch16856 <- c(2527,2473)
