numPerPatch10836 = [2438,2562];
