numPerPatch16856 = [2527,2473];
