numPerPatch36808 <- c(2460,2540)
