numPerPatch35260 = [2508,2492];
