numPerPatch3612 = [2474,2526];
