numPerPatch51772 = [2516,2484];
