numPerPatch31132 <- c(2519,2481)
