numPerPatch73788 <- c(2481,2519)
