numPerPatch54008 <- c(2458,2542)
