numPerPatch55384 <- c(2508,2492)
