numPerPatch10664 <- c(2509,2491)
