numPerPatch49192 <- c(2570,2430)
