numPerPatch11524 = [2513,2487];
