numPerPatch71380 = [2503,2497];
