numPerPatch54696 = [2569,2431];
