numPerPatch54524 <- c(2512,2488)
