numPerPatch59684 <- c(2463,2537)
