numPerPatch21672 = [2451,2549];
