numPerPatch1892 = [2506,2494];
