numPerPatch11696 = [2498,2502];
