numPerPatch34056 <- c(2499,2501)
