numPerPatch26144 = [2529,2471];
