numPerPatch18920 <- c(2476,2524)
