numPerPatch13760 <- c(2579,2421)
