numPerPatch20296 <- c(2504,2496)
