numPerPatch32336 <- c(2484,2516)
