numPerPatch35088 <- c(2503,2497)
