numPerPatch30444 = [2445,2555];
