numPerPatch47300 <- c(2477,2523)
