numPerPatch39388 = [2492,2508];
