numPerPatch57276 = [2461,2539];
