numPerPatch70864 <- c(2462,2538)
