numPerPatch15480 = [2503,2497];
