numPerPatch75852 <- c(2457,2543)
