numPerPatch32336 = [2484,2516];
