numPerPatch4644 = [2503,2497];
