numPerPatch5676 <- c(2547,2453)
