numPerPatch67768 <- c(2522,2478)
