numPerPatch71036 <- c(2512,2488)
