numPerPatch16168 <- c(2505,2495)
