numPerPatch13416 <- c(2576,2424)
