numPerPatch9116 = [2510,2490];
