numPerPatch70520 <- c(2459,2541)
