numPerPatch66220 <- c(2492,2508)
