numPerPatch67596 = [2584,2416];
