numPerPatch61060 <- c(2410,2590)
