numPerPatch33540 = [2537,2463];
