numPerPatch5504 = [2467,2533];
