numPerPatch52976 <- c(2471,2529)
