numPerPatch65188 = [2487,2513];
