numPerPatch42140 <- c(2483,2517)
