numPerPatch71552 <- c(2473,2527)
