numPerPatch57448 <- c(2473,2527)
