numPerPatch18060 <- c(2509,2491)
