numPerPatch4300 = [2475,2525];
