numPerPatch26660 = [2445,2555];
