numPerPatch74476 <- c(2490,2510)
