numPerPatch45236 <- c(2565,2435)
