numPerPatch55728 = [2455,2545];
