numPerPatch62952 = [2514,2486];
