numPerPatch65360 <- c(2497,2503)
