numPerPatch17028 <- c(2508,2492)
