numPerPatch60544 = [2522,2478];
