numPerPatch15996 = [2539,2461];
