numPerPatch22188 = [2517,2483];
