numPerPatch59512 <- c(2476,2524)
