numPerPatch17888 <- c(2503,2497)
