numPerPatch4988 = [2537,2463];
