numPerPatch49536 = [2433,2567];
