numPerPatch45064 = [2490,2510];
