numPerPatch36980 = [2479,2521];
