numPerPatch39216 = [2477,2523];
