numPerPatch10148 <- c(2529,2471)
