numPerPatch60716 = [2461,2539];
