numPerPatch32852 <- c(2481,2519)
