numPerPatch73272 <- c(2487,2513)
