numPerPatch28036 = [2526,2474];
