numPerPatch33368 = [2526,2474];
