numPerPatch25628 <- c(2506,2494)
