numPerPatch18576 <- c(2492,2508)
