numPerPatch14620 = [2514,2486];
