numPerPatch36120 = [2544,2456];
