numPerPatch48160 = [2501,2499];
