numPerPatch63984 <- c(2476,2524)
