numPerPatch40764 = [2558,2442];
