numPerPatch10320 = [2463,2537];
