numPerPatch35432 = [2524,2476];
