numPerPatch74648 = [2454,2546];
