numPerPatch7396 <- c(2510,2490)
