numPerPatch12900 <- c(2548,2452)
