numPerPatch17544 <- c(2492,2508)
