numPerPatch58308 = [2481,2519];
