numPerPatch46956 = [2506,2494];
