numPerPatch37840 <- c(2455,2545)
