numPerPatch11008 = [2513,2487];
