numPerPatch49364 = [2526,2474];
