numPerPatch21156 <- c(2482,2518)
