numPerPatch67424 <- c(2427,2573)
