numPerPatch71208 = [2464,2536];
