numPerPatch69488 <- c(2488,2512)
