numPerPatch37840 = [2455,2545];
