numPerPatch68972 <- c(2505,2495)
