numPerPatch22188 <- c(2517,2483)
