numPerPatch55556 = [2547,2453];
