numPerPatch18404 = [2473,2527];
