numPerPatch38528 = [2463,2537];
