numPerPatch31304 = [2510,2490];
