numPerPatch53664 = [2467,2533];
