numPerPatch53148 <- c(2508,2492)
