numPerPatch44376 = [2499,2501];
