numPerPatch21844 = [2526,2474];
