numPerPatch61404 = [2535,2465];
