numPerPatch62780 = [2493,2507];
