numPerPatch33884 = [2518,2482];
