numPerPatch68800 = [2519,2481];
