numPerPatch48504 <- c(2490,2510)
