numPerPatch73616 = [2506,2494];
