numPerPatch49364 <- c(2526,2474)
