numPerPatch35776 = [2474,2526];
