numPerPatch27348 <- c(2489,2511)
