numPerPatch33196 = [2461,2539];
