numPerPatch62436 <- c(2533,2467)
