numPerPatch24252 <- c(2558,2442)
