numPerPatch9632 <- c(2445,2555)
