numPerPatch40248 = [2438,2562];
