numPerPatch26488 = [2501,2499];
