numPerPatch23564 <- c(2525,2475)
