numPerPatch46440 <- c(2469,2531)
