numPerPatch14104 = [2509,2491];
