numPerPatch9804 <- c(2494,2506)
