numPerPatch60544 <- c(2522,2478)
