numPerPatch73100 <- c(2513,2487)
