numPerPatch67768 = [2522,2478];
