numPerPatch25112 = [2519,2481];
