numPerPatch41624 <- c(2521,2479)
