numPerPatch18232 = [2540,2460];
