numPerPatch61060 = [2410,2590];
