numPerPatch29756 = [2466,2534];
