numPerPatch14448 = [2511,2489];
