numPerPatch67252 <- c(2497,2503)
