numPerPatch74992 <- c(2560,2440)
