numPerPatch9288 <- c(2579,2421)
