numPerPatch59512 = [2476,2524];
