numPerPatch344 = [2525,2475];
