numPerPatch1204 = [2515,2485];
