numPerPatch71724 <- c(2447,2553)
