numPerPatch38872 <- c(2557,2443)
