numPerPatch63124 = [2498,2502];
