numPerPatch49536 <- c(2433,2567)
