numPerPatch6880 <- c(2495,2505)
