numPerPatch72412 <- c(2493,2507)
