numPerPatch59340 = [2517,2483];
