numPerPatch5332 <- c(2509,2491)
