numPerPatch12040 = [2523,2477];
