numPerPatch37668 = [2504,2496];
