numPerPatch39044 = [2524,2476];
