numPerPatch66564 = [2486,2514];
