numPerPatch70004 = [2503,2497];
