numPerPatch73444 = [2474,2526];
