numPerPatch20640 <- c(2533,2467)
