numPerPatch74648 <- c(2454,2546)
