numPerPatch6708 = [2412,2588];
