numPerPatch16684 <- c(2486,2514)
