numPerPatch13072 = [2488,2512];
