numPerPatch23220 <- c(2457,2543)
