numPerPatch46612 <- c(2519,2481)
