numPerPatch35604 = [2525,2475];
