numPerPatch9288 = [2579,2421];
