numPerPatch66392 = [2527,2473];
