numPerPatch56932 <- c(2514,2486)
