numPerPatch15996 <- c(2539,2461)
