numPerPatch29928 = [2501,2499];
