numPerPatch59340 <- c(2517,2483)
