numPerPatch41796 = [2487,2513];
