numPerPatch18060 = [2509,2491];
