numPerPatch15824 <- c(2507,2493)
