numPerPatch60028 = [2480,2520];
