numPerPatch20812 = [2506,2494];
