numPerPatch15308 <- c(2454,2546)
