numPerPatch3956 = [2479,2521];
