numPerPatch63640 <- c(2467,2533)
