numPerPatch52288 = [2506,2494];
