numPerPatch19264 = [2467,2533];
