numPerPatch52460 = [2461,2539];
