numPerPatch47128 <- c(2529,2471)
