numPerPatch40248 <- c(2438,2562)
