numPerPatch11868 = [2498,2502];
