numPerPatch43860 <- c(2500,2500)
