numPerPatch58136 <- c(2547,2453)
