numPerPatch6020 = [2554,2446];
