numPerPatch41452 = [2473,2527];
