numPerPatch6364 = [2435,2565];
