numPerPatch33196 <- c(2461,2539)
