numPerPatch44376 <- c(2499,2501)
