numPerPatch34572 = [2431,2569];
