numPerPatch46612 = [2519,2481];
