numPerPatch28380 = [2516,2484];
