numPerPatch28724 <- c(2446,2554)
