numPerPatch2408 = [2507,2493];
