numPerPatch10836 <- c(2438,2562)
