numPerPatch22360 = [2503,2497];
