numPerPatch13932 = [2552,2448];
