numPerPatch51256 <- c(2502,2498)
