numPerPatch21500 = [2474,2526];
