numPerPatch54352 = [2489,2511];
