numPerPatch3440 = [2432,2568];
