numPerPatch62608 = [2574,2426];
