numPerPatch69488 = [2488,2512];
