numPerPatch29412 <- c(2552,2448)
