numPerPatch75164 <- c(2449,2551)
