numPerPatch63468 <- c(2448,2552)
