numPerPatch13932 <- c(2552,2448)
