numPerPatch62092 = [2546,2454];
