numPerPatch19092 = [2465,2535];
