numPerPatch1548 = [2501,2499];
