numPerPatch7740 <- c(2496,2504)
