numPerPatch63812 <- c(2468,2532)
