numPerPatch20296 = [2504,2496];
