numPerPatch18404 <- c(2473,2527)
