numPerPatch72068 <- c(2440,2560)
