numPerPatch2924 <- c(2460,2540)
