numPerPatch67080 <- c(2486,2514)
