numPerPatch41280 <- c(2462,2538)
