numPerPatch1376 = [2528,2472];
