numPerPatch69660 <- c(2498,2502)
