numPerPatch70692 = [2462,2538];
