numPerPatch25284 = [2535,2465];
