numPerPatch20124 <- c(2519,2481)
