numPerPatch54524 = [2512,2488];
