numPerPatch39904 <- c(2515,2485)
