numPerPatch34744 = [2499,2501];
