numPerPatch7224 = [2498,2502];
