numPerPatch516 = [2535,2465];
