numPerPatch1376 <- c(2528,2472)
