numPerPatch20124 = [2519,2481];
