numPerPatch58824 <- c(2501,2499)
