numPerPatch62436 = [2533,2467];
