numPerPatch14964 = [2421,2579];
