numPerPatch71896 <- c(2515,2485)
