numPerPatch43688 <- c(2496,2504)
