numPerPatch43000 = [2502,2498];
