numPerPatch71552 = [2473,2527];
