numPerPatch8084 <- c(2546,2454)
