numPerPatch29928 <- c(2501,2499)
