numPerPatch55040 <- c(2544,2456)
