numPerPatch73960 = [2516,2484];
