numPerPatch27176 = [2485,2515];
