numPerPatch6708 <- c(2412,2588)
