numPerPatch63296 = [2418,2582];
