numPerPatch47988 = [2501,2499];
