numPerPatch48676 = [2489,2511];
