numPerPatch23908 <- c(2471,2529)
