numPerPatch29412 = [2552,2448];
