numPerPatch55900 <- c(2421,2579)
