numPerPatch33884 <- c(2518,2482)
