numPerPatch50568 = [2514,2486];
