numPerPatch688 <- c(2559,2441)
