numPerPatch61404 <- c(2535,2465)
