numPerPatch28552 <- c(2476,2524)
