numPerPatch33712 = [2504,2496];
