numPerPatch50396 = [2531,2469];
