numPerPatch4300 <- c(2475,2525)
