numPerPatch44204 <- c(2484,2516)
