numPerPatch27864 <- c(2526,2474)
