numPerPatch57620 <- c(2518,2482)
