numPerPatch38012 = [2491,2509];
