numPerPatch71380 <- c(2503,2497)
