numPerPatch48332 = [2506,2494];
