numPerPatch50224 = [2511,2489];
