numPerPatch72240 = [2479,2521];
