numPerPatch56760 <- c(2449,2551)
