numPerPatch48848 = [2541,2459];
