numPerPatch73960 <- c(2516,2484)
