numPerPatch67940 <- c(2466,2534)
