numPerPatch57792 <- c(2492,2508)
