numPerPatch39560 <- c(2427,2573)
