numPerPatch67424 = [2427,2573];
