numPerPatch43688 = [2496,2504];
