numPerPatch11352 = [2507,2493];
