numPerPatch14104 <- c(2509,2491)
