numPerPatch33024 <- c(2450,2550)
