numPerPatch23048 <- c(2518,2482)
