numPerPatch28896 <- c(2525,2475)
