numPerPatch60888 = [2490,2510];
