numPerPatch18748 <- c(2534,2466)
