numPerPatch31304 <- c(2510,2490)
