numPerPatch4472 <- c(2522,2478)
