numPerPatch45408 = [2470,2530];
