numPerPatch55212 = [2574,2426];
