numPerPatch56072 <- c(2465,2535)
