numPerPatch27004 <- c(2550,2450)
