numPerPatch36120 <- c(2544,2456)
