numPerPatch27520 = [2507,2493];
