numPerPatch55040 = [2544,2456];
