numPerPatch21328 = [2502,2498];
