numPerPatch36636 <- c(2525,2475)
