numPerPatch41280 = [2462,2538];
