numPerPatch51944 = [2476,2524];
