numPerPatch860 = [2539,2461];
