numPerPatch17200 = [2474,2526];
