numPerPatch49192 = [2570,2430];
