numPerPatch25284 <- c(2535,2465)
