numPerPatch56244 = [2538,2462];
