numPerPatch64672 <- c(2596,2404)
