numPerPatch62952 <- c(2514,2486)
