numPerPatch5676 = [2547,2453];
