numPerPatch7052 <- c(2491,2509)
