numPerPatch67252 = [2497,2503];
