numPerPatch57448 = [2473,2527];
