numPerPatch66048 = [2511,2489];
