numPerPatch32852 = [2481,2519];
