numPerPatch44204 = [2484,2516];
