numPerPatch30272 = [2555,2445];
