numPerPatch42828 = [2496,2504];
