numPerPatch53148 = [2508,2492];
