numPerPatch2580 <- c(2467,2533)
