numPerPatch68112 = [2474,2526];
