numPerPatch56416 = [2542,2458];
