numPerPatch58308 <- c(2481,2519)
