numPerPatch16512 <- c(2541,2459)
