numPerPatch38528 <- c(2463,2537)
