numPerPatch40076 <- c(2507,2493)
