numPerPatch76024 <- c(2471,2529)
