numPerPatch49880 = [2506,2494];
