numPerPatch12556 <- c(2492,2508)
