numPerPatch13244 = [2511,2489];
