numPerPatch44720 = [2519,2481];
