numPerPatch45580 = [2572,2428];
