numPerPatch62264 = [2518,2482];
