numPerPatch8600 <- c(2545,2455)
