numPerPatch56588 <- c(2490,2510)
