numPerPatch13072 <- c(2488,2512)
