numPerPatch25456 <- c(2468,2532)
