numPerPatch3784 = [2501,2499];
