numPerPatch4816 <- c(2498,2502)
