numPerPatch19952 = [2459,2541];
