numPerPatch6020 <- c(2554,2446)
