numPerPatch14448 <- c(2511,2489)
