numPerPatch57104 = [2453,2547];
