numPerPatch20984 <- c(2523,2477)
