numPerPatch43860 = [2500,2500];
