numPerPatch58824 = [2501,2499];
