numPerPatch9632 = [2445,2555];
