numPerPatch4472 = [2522,2478];
