numPerPatch15136 <- c(2484,2516)
