numPerPatch53320 <- c(2459,2541)
