numPerPatch41108 = [2510,2490];
