numPerPatch30788 = [2489,2511];
