numPerPatch1548 <- c(2501,2499)
