numPerPatch70348 <- c(2526,2474)
