numPerPatch46956 <- c(2506,2494)
