numPerPatch9976 <- c(2524,2476)
