numPerPatch72240 <- c(2479,2521)
