numPerPatch9976 = [2524,2476];
