numPerPatch9460 <- c(2551,2449)
