numPerPatch66908 = [2524,2476];
