numPerPatch1720 <- c(2501,2499)
