numPerPatch34400 <- c(2554,2446)
