numPerPatch6192 <- c(2485,2515)
