numPerPatch49708 <- c(2559,2441)
