numPerPatch56072 = [2465,2535];
