numPerPatch23908 = [2471,2529];
