numPerPatch67080 = [2486,2514];
