numPerPatch2752 <- c(2506,2494)
