numPerPatch74476 = [2490,2510];
