numPerPatch45408 <- c(2470,2530)
