numPerPatch14792 = [2432,2568];
