numPerPatch2236 = [2505,2495];
