numPerPatch5504 <- c(2467,2533)
