numPerPatch36292 = [2462,2538];
