numPerPatch68972 = [2505,2495];
