numPerPatch12556 = [2492,2508];
