numPerPatch8600 = [2545,2455];
