numPerPatch64500 = [2479,2521];
