numPerPatch19092 <- c(2465,2535)
