numPerPatch38356 = [2489,2511];
