numPerPatch24424 = [2450,2550];
