numPerPatch31992 = [2471,2529];
