numPerPatch69144 = [2525,2475];
