numPerPatch30616 = [2517,2483];
