numPerPatch74132 <- c(2440,2560)
