numPerPatch47644 <- c(2558,2442)
