numPerPatch23392 <- c(2503,2497)
