numPerPatch59856 = [2508,2492];
