numPerPatch47816 = [2501,2499];
