numPerPatch1204 <- c(2515,2485)
