numPerPatch516 <- c(2535,2465)
