numPerPatch76024 = [2471,2529];
