numPerPatch44720 <- c(2519,2481)
