numPerPatch19780 <- c(2503,2497)
