numPerPatch29756 <- c(2466,2534)
