numPerPatch43516 <- c(2516,2484)
