numPerPatch69316 = [2495,2505];
