numPerPatch30272 <- c(2555,2445)
