numPerPatch35948 = [2460,2540];
