numPerPatch3440 <- c(2432,2568)
