numPerPatch28724 = [2446,2554];
