numPerPatch60372 = [2513,2487];
