numPerPatch58996 <- c(2475,2525)
