numPerPatch172 = [2513,2487];
