numPerPatch10148 = [2529,2471];
