numPerPatch72756 <- c(2513,2487)
