numPerPatch9460 = [2551,2449];
