numPerPatch42312 <- c(2471,2529)
