numPerPatch65016 = [2537,2463];
