numPerPatch22016 <- c(2523,2477)
