numPerPatch73788 = [2481,2519];
