numPerPatch6192 = [2485,2515];
