numPerPatch15136 = [2484,2516];
