numPerPatch65360 = [2497,2503];
