numPerPatch344 <- c(2525,2475)
