numPerPatch13244 <- c(2511,2489)
