numPerPatch58136 = [2547,2453];
