numPerPatch29068 = [2443,2557];
