numPerPatch48160 <- c(2501,2499)
