numPerPatch43344 <- c(2546,2454)
