numPerPatch12384 = [2451,2549];
