numPerPatch37324 <- c(2452,2548)
