numPerPatch44548 = [2483,2517];
