numPerPatch27692 <- c(2495,2505)
