numPerPatch41796 <- c(2487,2513)
