numPerPatch24252 = [2558,2442];
