numPerPatch63124 <- c(2498,2502)
