numPerPatch12384 <- c(2451,2549)
