numPerPatch10492 <- c(2535,2465)
