numPerPatch9116 <- c(2510,2490)
