numPerPatch4816 = [2498,2502];
