numPerPatch17544 = [2492,2508];
