numPerPatch52116 <- c(2442,2558)
