numPerPatch53836 <- c(2500,2500)
