numPerPatch4128 = [2464,2536];
