numPerPatch54352 <- c(2489,2511)
