numPerPatch53664 <- c(2467,2533)
