numPerPatch32508 = [2527,2473];
