numPerPatch58480 <- c(2530,2470)
