numPerPatch23392 = [2503,2497];
