numPerPatch19780 = [2503,2497];
