numPerPatch26316 = [2518,2482];
