numPerPatch55212 <- c(2574,2426)
