numPerPatch41624 = [2521,2479];
