numPerPatch68628 = [2494,2506];
