numPerPatch48676 <- c(2489,2511)
