numPerPatch53492 <- c(2525,2475)
