numPerPatch57104 <- c(2453,2547)
