numPerPatch20468 = [2435,2565];
