numPerPatch57620 = [2518,2482];
