numPerPatch24596 = [2443,2557];
