numPerPatch30100 <- c(2449,2551)
