numPerPatch13416 = [2576,2424];
