numPerPatch41108 <- c(2510,2490)
