numPerPatch53320 = [2459,2541];
