numPerPatch53492 = [2525,2475];
