numPerPatch27004 = [2550,2450];
