numPerPatch22876 <- c(2515,2485)
