numPerPatch3268 <- c(2551,2449)
