numPerPatch64328 <- c(2456,2544)
