numPerPatch50740 = [2475,2525];
