numPerPatch15652 <- c(2483,2517)
