numPerPatch24424 <- c(2450,2550)
