numPerPatch25972 = [2537,2463];
