numPerPatch7052 = [2491,2509];
