numPerPatch19608 <- c(2500,2500)
