numPerPatch25456 = [2468,2532];
