numPerPatch38184 = [2482,2518];
