numPerPatch61920 = [2526,2474];
