numPerPatch63640 = [2467,2533];
