numPerPatch860 <- c(2539,2461)
