numPerPatch28380 <- c(2516,2484)
