numPerPatch61576 = [2553,2447];
