numPerPatch49880 <- c(2506,2494)
