numPerPatch22532 <- c(2492,2508)
