numPerPatch24080 <- c(2508,2492)
