numPerPatch1892 <- c(2506,2494)
