numPerPatch25800 <- c(2507,2493)
