numPerPatch60200 <- c(2482,2518)
