numPerPatch73272 = [2487,2513];
