numPerPatch2064 = [2576,2424];
