numPerPatch16168 = [2505,2495];
