numPerPatch45580 <- c(2572,2428)
