numPerPatch48332 <- c(2506,2494)
