numPerPatch10320 <- c(2463,2537)
