numPerPatch27176 <- c(2485,2515)
