numPerPatch19264 <- c(2467,2533)
