numPerPatch48848 <- c(2541,2459)
