numPerPatch40936 <- c(2514,2486)
