numPerPatch43172 = [2501,2499];
