numPerPatch44032 = [2494,2506];
