numPerPatch51428 <- c(2578,2422)
