numPerPatch37152 <- c(2512,2488)
