numPerPatch31132 = [2519,2481];
