numPerPatch16512 = [2541,2459];
