numPerPatch32680 <- c(2499,2501)
