numPerPatch72928 = [2524,2476];
