numPerPatch30616 <- c(2517,2483)
