numPerPatch22704 <- c(2555,2445)
