numPerPatch39904 = [2515,2485];
