numPerPatch46268 = [2495,2505];
