numPerPatch23220 = [2457,2543];
