numPerPatch39216 <- c(2477,2523)
