numPerPatch74304 = [2491,2509];
