numPerPatch63296 <- c(2418,2582)
