numPerPatch5848 = [2498,2502];
