numPerPatch54180 <- c(2481,2519)
