numPerPatch66736 <- c(2556,2444)
