numPerPatch33368 <- c(2526,2474)
