numPerPatch75680 = [2506,2494];
