numPerPatch33712 <- c(2504,2496)
