numPerPatch3096 <- c(2496,2504)
