numPerPatch38012 <- c(2491,2509)
