numPerPatch31648 = [2442,2558];
