numPerPatch34400 = [2554,2446];
