numPerPatch35260 <- c(2508,2492)
