numPerPatch7912 <- c(2490,2510)
