numPerPatch36464 = [2512,2488];
