numPerPatch22360 <- c(2503,2497)
