numPerPatch42312 = [2471,2529];
