numPerPatch5332 = [2509,2491];
