numPerPatch16340 = [2484,2516];
