numPerPatch24940 = [2472,2528];
