numPerPatch52804 = [2485,2515];
