numPerPatch63812 = [2468,2532];
