numPerPatch18232 <- c(2540,2460)
