numPerPatch12212 <- c(2561,2439)
