numPerPatch46440 = [2469,2531];
