numPerPatch64844 <- c(2414,2586)
