numPerPatch54180 = [2481,2519];
