numPerPatch38700 = [2490,2510];
