numPerPatch60888 <- c(2490,2510)
