numPerPatch26316 <- c(2518,2482)
