numPerPatch23736 = [2476,2524];
