numPerPatch32680 = [2499,2501];
