numPerPatch51256 = [2502,2498];
