numPerPatch24940 <- c(2472,2528)
