numPerPatch39560 = [2427,2573];
