numPerPatch72756 = [2513,2487];
